9910609 residues to process
0
0.0413294
0.0826589
0.123988
0.165318
0.206647
0.247977
0.289306
0.330636
0.371965
0.413294
0.454624
0.495953
0.537283
0.578612
0.619942
0.661271
0.702601
0.74393
0.785259
0.826589
0.867918
0.909248
0.950577
0.991907
1.03324
1.07457
1.1159
1.15722
1.19855
1.23988
1.28121
1.32254
1.36387
1.4052
1.44653
1.48786
1.52919
1.57052
1.61185
1.65318
1.69451
1.73584
1.77717
1.8185
1.85983
1.90115
1.94248
1.98381
2.02514
2.06647
2.1078
2.14913
2.19046
2.23179
2.27312
2.31445
2.35578
2.39711
2.43844
2.47977
2.5211
2.56243
2.60376
2.64508
2.68641
2.72774
2.76907
2.8104
2.85173
2.89306
2.93439
2.97572
3.01705
3.05838
3.09971
3.14104
3.18237
3.2237
3.26503
3.30636
3.34769
3.38901
3.43034
3.47167
3.513
3.55433
3.59566
3.63699
3.67832
3.71965
3.76098
3.80231
3.84364
3.88497
3.9263
3.96763
4.00896
4.05029
4.09162
4.13294
4.17427
4.2156
4.25693
4.29826
4.33959
4.38092
4.42225
4.46358
4.50491
4.54624
4.58757
4.6289
4.67023
4.71156
4.75289
4.79422
4.83555
4.87687
4.9182
4.95953
5.00086
5.04219
5.08352
5.12485
5.16618
5.20751
5.24884
5.29017
5.3315
5.37283
5.41416
5.45549
5.49682
5.53815
5.57948
5.6208
5.66213
5.70346
5.74479
5.78612
5.82745
5.86878
5.91011
5.95144
5.99277
6.0341
6.07543
6.11676
6.15809
6.19942
6.24075
6.28208
6.32341
6.36474
6.40606
6.44739
6.48872
6.53005
6.57138
6.61271
6.65404
6.69537
6.7367
6.77803
6.81936
6.86069
6.90202
6.94335
6.98468
7.02601
7.06734
7.10866
7.14999
7.19132
7.23265
7.27398
7.31531
7.35664
7.39797
7.4393
7.48063
7.52196
7.56329
7.60462
7.64595
7.68728
7.72861
7.76994
7.81127
7.8526
7.89392
7.93525
7.97658
8.01791
8.05924
8.10057
8.1419
8.18323
8.22456
8.26589
8.30722
8.34855
8.38988
8.43121
8.47254
8.51387
8.5552
8.59653
8.63785
8.67918
8.72051
8.76184
8.80317
8.8445
8.88583
8.92716
8.96849
9.00982
9.05115
9.09248
9.13381
9.17514
9.21647
9.2578
9.29913
9.34046
9.38178
9.42311
9.46444
9.50577
9.5471
9.58843
9.62976
9.67109
9.71242
9.75375
9.79508
9.83641
9.87774
9.91907
9.9604
10.0017
10.0431
10.0844
10.1257
10.167
10.2084
10.2497
10.291
10.3324
10.3737
10.415
10.4564
10.4977
10.539
10.5803
10.6217
10.663
10.7043
10.7457
10.787
10.8283
10.8696
10.911
10.9523
10.9936
11.035
11.0763
11.1176
11.159
11.2003
11.2416
11.2829
11.3243
11.3656
11.4069
11.4483
11.4896
11.5309
11.5722
11.6136
11.6549
11.6962
11.7376
11.7789
11.8202
11.8616
11.9029
11.9442
11.9855
12.0269
12.0682
12.1095
12.1509
12.1922
12.2335
12.2748
12.3162
12.3575
12.3988
12.4402
12.4815
12.5228
12.5642
12.6055
12.6468
12.6881
12.7295
12.7708
12.8121
12.8535
12.8948
12.9361
12.9774
13.0188
13.0601
13.1014
13.1428
13.1841
13.2254
13.2668
13.3081
13.3494
13.3907
13.4321
13.4734
13.5147
13.5561
13.5974
13.6387
13.68
13.7214
13.7627
13.804
13.8454
13.8867
13.928
13.9694
14.0107
14.052
14.0933
14.1347
14.176
14.2173
14.2587
14.3
14.3413
14.3826
14.424
14.4653
14.5066
14.548
14.5893
14.6306
14.672
14.7133
14.7546
14.7959
14.8373
14.8786
14.9199
14.9613
15.0026
15.0439
15.0852
15.1266
15.1679
15.2092
15.2506
15.2919
15.3332
15.3746
15.4159
15.4572
15.4985
15.5399
15.5812
15.6225
15.6639
15.7052
15.7465
15.7878
15.8292
15.8705
15.9118
15.9532
15.9945
16.0358
16.0772
16.1185
16.1598
16.2011
16.2425
16.2838
16.3251
16.3665
16.4078
16.4491
16.4904
16.5318
16.5731
16.6144
16.6558
16.6971
16.7384
16.7798
16.8211
16.8624
16.9037
16.9451
16.9864
17.0277
17.0691
17.1104
17.1517
17.1931
17.2344
17.2757
17.317
17.3584
17.3997
17.441
17.4824
17.5237
17.565
17.6063
17.6477
17.689
17.7303
17.7717
17.813
17.8543
17.8957
17.937
17.9783
18.0196
18.061
18.1023
18.1436
18.185
18.2263
18.2676
18.3089
18.3503
18.3916
18.4329
18.4743
18.5156
18.5569
18.5983
18.6396
18.6809
18.7222
18.7636
18.8049
18.8462
18.8876
18.9289
18.9702
19.0115
19.0529
19.0942
19.1355
19.1769
19.2182
19.2595
19.3009
19.3422
19.3835
19.4248
19.4662
19.5075
19.5488
19.5902
19.6315
19.6728
19.7141
19.7555
19.7968
19.8381
19.8795
19.9208
19.9621
20.0035
20.0448
20.0861
20.1274
20.1688
20.2101
20.2514
20.2928
20.3341
20.3754
20.4167
20.4581
20.4994
20.5407
20.5821
20.6234
20.6647
20.7061
20.7474
20.7887
20.83
20.8714
20.9127
20.954
20.9954
21.0367
21.078
21.1193
21.1607
21.202
21.2433
21.2847
21.326
21.3673
21.4087
21.45
21.4913
21.5326
21.574
21.6153
21.6566
21.698
21.7393
21.7806
21.8219
21.8633
21.9046
21.9459
21.9873
22.0286
22.0699
22.1113
22.1526
22.1939
22.2352
22.2766
22.3179
22.3592
22.4006
22.4419
22.4832
22.5245
22.5659
22.6072
22.6485
22.6899
22.7312
22.7725
22.8139
22.8552
22.8965
22.9378
22.9792
23.0205
23.0618
23.1032
23.1445
23.1858
23.2271
23.2685
23.3098
23.3511
23.3925
23.4338
23.4751
23.5165
23.5578
23.5991
23.6404
23.6818
23.7231
23.7644
23.8058
23.8471
23.8884
23.9298
23.9711
24.0124
24.0537
24.0951
24.1364
24.1777
24.2191
24.2604
24.3017
24.343
24.3844
24.4257
24.467
24.5084
24.5497
24.591
24.6324
24.6737
24.715
24.7563
24.7977
24.839
24.8803
24.9217
24.963
25.0043
25.0456
25.087
25.1283
25.1696
25.211
25.2523
25.2936
25.335
25.3763
25.4176
25.4589
25.5003
25.5416
25.5829
25.6243
25.6656
25.7069
25.7482
25.7896
25.8309
25.8722
25.9136
25.9549
25.9962
26.0376
26.0789
26.1202
26.1615
26.2029
26.2442
26.2855
26.3269
26.3682
26.4095
26.4508
26.4922
26.5335
26.5748
26.6162
26.6575
26.6988
26.7402
26.7815
26.8228
26.8641
26.9055
26.9468
26.9881
27.0295
27.0708
27.1121
27.1534
27.1948
27.2361
27.2774
27.3188
27.3601
27.4014
27.4428
27.4841
27.5254
27.5667
27.6081
27.6494
27.6907
27.7321
27.7734
27.8147
27.856
27.8974
27.9387
27.98
28.0214
28.0627
28.104
28.1454
28.1867
28.228
28.2693
28.3107
28.352
28.3933
28.4347
28.476
28.5173
28.5586
28.6
28.6413
28.6826
28.724
28.7653
28.8066
28.848
28.8893
28.9306
28.9719
29.0133
29.0546
29.0959
29.1373
29.1786
29.2199
29.2612
29.3026
29.3439
29.3852
29.4266
29.4679
29.5092
29.5506
29.5919
29.6332
29.6745
29.7159
29.7572
29.7985
29.8399
29.8812
29.9225
29.9639
30.0052
30.0465
30.0878
30.1292
30.1705
30.2118
30.2532
30.2945
30.3358
30.3771
30.4185
30.4598
30.5011
30.5425
30.5838
30.6251
30.6665
30.7078
30.7491
30.7904
30.8318
30.8731
30.9144
30.9558
30.9971
31.0384
31.0797
31.1211
31.1624
31.2037
31.2451
31.2864
31.3277
31.3691
31.4104
31.4517
31.493
31.5344
31.5757
31.617
31.6584
31.6997
31.741
31.7823
31.8237
31.865
31.9063
31.9477
31.989
32.0303
32.0717
32.113
32.1543
32.1956
32.237
32.2783
32.3196
32.361
32.4023
32.4436
32.4849
32.5263
32.5676
32.6089
32.6503
32.6916
32.7329
32.7743
32.8156
32.8569
32.8982
32.9396
32.9809
33.0222
33.0636
33.1049
33.1462
33.1875
33.2289
33.2702
33.3115
33.3529
33.3942
33.4355
33.4769
33.5182
33.5595
33.6008
33.6422
33.6835
33.7248
33.7662
33.8075
33.8488
33.8901
33.9315
33.9728
34.0141
34.0555
34.0968
34.1381
34.1795
34.2208
34.2621
34.3034
34.3448
34.3861
34.4274
34.4688
34.5101
34.5514
34.5927
34.6341
34.6754
34.7167
34.7581
34.7994
34.8407
34.8821
34.9234
34.9647
35.006
35.0474
35.0887
35.13
35.1714
35.2127
35.254
35.2953
35.3367
35.378
35.4193
35.4607
35.502
35.5433
35.5847
35.626
35.6673
35.7086
35.75
35.7913
35.8326
35.874
35.9153
35.9566
35.9979
36.0393
36.0806
36.1219
36.1633
36.2046
36.2459
36.2873
36.3286
36.3699
36.4112
36.4526
36.4939
36.5352
36.5766
36.6179
36.6592
36.7006
36.7419
36.7832
36.8245
36.8659
36.9072
36.9485
36.9899
37.0312
37.0725
37.1138
37.1552
37.1965
37.2378
37.2792
37.3205
37.3618
37.4031
37.4445
37.4858
37.5271
37.5685
37.6098
37.6511
37.6925
37.7338
37.7751
37.8164
37.8578
37.8991
37.9404
37.9818
38.0231
38.0644
38.1058
38.1471
38.1884
38.2297
38.2711
38.3124
38.3537
38.3951
38.4364
38.4777
38.519
38.5604
38.6017
38.643
38.6844
38.7257
38.767
38.8084
38.8497
38.891
38.9323
38.9737
39.015
39.0563
39.0977
39.139
39.1803
39.2216
39.263
39.3043
39.3456
39.387
39.4283
39.4696
39.511
39.5523
39.5936
39.6349
39.6763
39.7176
39.7589
39.8003
39.8416
39.8829
39.9242
39.9656
40.0069
40.0482
40.0896
40.1309
40.1722
40.2136
40.2549
40.2962
40.3375
40.3789
40.4202
40.4615
40.5029
40.5442
40.5855
40.6268
40.6682
40.7095
40.7508
40.7922
40.8335
40.8748
40.9162
40.9575
40.9988
41.0401
41.0815
41.1228
41.1641
41.2055
41.2468
41.2881
41.3294
41.3708
41.4121
41.4534
41.4948
41.5361
41.5774
41.6188
41.6601
41.7014
41.7427
41.7841
41.8254
41.8667
41.9081
41.9494
41.9907
42.032
42.0734
42.1147
42.156
42.1974
42.2387
42.28
42.3214
42.3627
42.404
42.4453
42.4867
42.528
42.5693
42.6107
42.652
42.6933
42.7346
42.776
42.8173
42.8586
42.9
42.9413
42.9826
43.024
43.0653
43.1066
43.1479
43.1893
43.2306
43.2719
43.3133
43.3546
43.3959
43.4372
43.4786
43.5199
43.5612
43.6026
43.6439
43.6852
43.7266
43.7679
43.8092
43.8505
43.8919
43.9332
43.9745
44.0159
44.0572
44.0985
44.1399
44.1812
44.2225
44.2638
44.3052
44.3465
44.3878
44.4292
44.4705
44.5118
44.5531
44.5945
44.6358
44.6771
44.7185
44.7598
44.8011
44.8425
44.8838
44.9251
44.9664
45.0078
45.0491
45.0904
45.1318
45.1731
45.2144
45.2557
45.2971
45.3384
45.3797
45.4211
45.4624
45.5037
45.5451
45.5864
45.6277
45.669
45.7104
45.7517
45.793
45.8344
45.8757
45.917
45.9583
45.9997
46.041
46.0823
46.1237
46.165
46.2063
46.2477
46.289
46.3303
46.3716
46.413
46.4543
46.4956
46.537
46.5783
46.6196
46.6609
46.7023
46.7436
46.7849
46.8263
46.8676
46.9089
46.9503
46.9916
47.0329
47.0742
47.1156
47.1569
47.1982
47.2396
47.2809
47.3222
47.3635
47.4049
47.4462
47.4875
47.5289
47.5702
47.6115
47.6529
47.6942
47.7355
47.7768
47.8182
47.8595
47.9008
47.9422
47.9835
48.0248
48.0661
48.1075
48.1488
48.1901
48.2315
48.2728
48.3141
48.3555
48.3968
48.4381
48.4794
48.5208
48.5621
48.6034
48.6448
48.6861
48.7274
48.7687
48.8101
48.8514
48.8927
48.9341
48.9754
49.0167
49.0581
49.0994
49.1407
49.182
49.2234
49.2647
49.306
49.3474
49.3887
49.43
49.4713
49.5127
49.554
49.5953
49.6367
49.678
49.7193
49.7607
49.802
49.8433
49.8846
49.926
49.9673
50.0086
50.05
50.0913
50.1326
50.174
50.2153
50.2566
50.2979
50.3393
50.3806
50.4219
50.4633
50.5046
50.5459
50.5872
50.6286
50.6699
50.7112
50.7526
50.7939
50.8352
50.8765
50.9179
50.9592
51.0005
51.0419
51.0832
51.1245
51.1659
51.2072
51.2485
51.2898
51.3312
51.3725
51.4138
51.4552
51.4965
51.5378
51.5792
51.6205
51.6618
51.7031
51.7445
51.7858
51.8271
51.8685
51.9098
51.9511
51.9924
52.0338
52.0751
52.1164
52.1578
52.1991
52.2404
52.2818
52.3231
52.3644
52.4057
52.4471
52.4884
52.5297
52.5711
52.6124
52.6537
52.695
52.7364
52.7777
52.819
52.8604
52.9017
52.943
52.9844
53.0257
53.067
53.1083
53.1497
53.191
53.2323
53.2737
53.315
53.3563
53.3976
53.439
53.4803
53.5216
53.563
53.6043
53.6456
53.687
53.7283
53.7696
53.8109
53.8523
53.8936
53.9349
53.9763
54.0176
54.0589
54.1002
54.1416
54.1829
54.2242
54.2656
54.3069
54.3482
54.3896
54.4309
54.4722
54.5135
54.5549
54.5962
54.6375
54.6789
54.7202
54.7615
54.8028
54.8442
54.8855
54.9268
54.9682
55.0095
55.0508
55.0922
55.1335
55.1748
55.2161
55.2575
55.2988
55.3401
55.3815
55.4228
55.4641
55.5054
55.5468
55.5881
55.6294
55.6708
55.7121
55.7534
55.7948
55.8361
55.8774
55.9187
55.9601
56.0014
56.0427
56.0841
56.1254
56.1667
56.208
56.2494
56.2907
56.332
56.3734
56.4147
56.456
56.4974
56.5387
56.58
56.6213
56.6627
56.704
56.7453
56.7867
56.828
56.8693
56.9106
56.952
56.9933
57.0346
57.076
57.1173
57.1586
57.2
57.2413
57.2826
57.3239
57.3653
57.4066
57.4479
57.4893
57.5306
57.5719
57.6133
57.6546
57.6959
57.7372
57.7786
57.8199
57.8612
57.9026
57.9439
57.9852
58.0265
58.0679
58.1092
58.1505
58.1919
58.2332
58.2745
58.3159
58.3572
58.3985
58.4398
58.4812
58.5225
58.5638
58.6052
58.6465
58.6878
58.7291
58.7705
58.8118
58.8531
58.8945
58.9358
58.9771
59.0185
59.0598
59.1011
59.1424
59.1838
59.2251
59.2664
59.3078
59.3491
59.3904
59.4317
59.4731
59.5144
59.5557
59.5971
59.6384
59.6797
59.7211
59.7624
59.8037
59.845
59.8864
59.9277
59.969
60.0104
60.0517
60.093
60.1343
60.1757
60.217
60.2583
60.2997
60.341
60.3823
60.4237
60.465
60.5063
60.5476
60.589
60.6303
60.6716
60.713
60.7543
60.7956
60.8369
60.8783
60.9196
60.9609
61.0023
61.0436
61.0849
61.1263
61.1676
61.2089
61.2502
61.2916
61.3329
61.3742
61.4156
61.4569
61.4982
61.5395
61.5809
61.6222
61.6635
61.7049
61.7462
61.7875
61.8289
61.8702
61.9115
61.9528
61.9942
62.0355
62.0768
62.1182
62.1595
62.2008
62.2421
62.2835
62.3248
62.3661
62.4075
62.4488
62.4901
62.5315
62.5728
62.6141
62.6554
62.6968
62.7381
62.7794
62.8208
62.8621
62.9034
62.9447
62.9861
63.0274
63.0687
63.1101
63.1514
63.1927
63.2341
63.2754
63.3167
63.358
63.3994
63.4407
63.482
63.5234
63.5647
63.606
63.6474
63.6887
63.73
63.7713
63.8127
63.854
63.8953
63.9367
63.978
64.0193
64.0606
64.102
64.1433
64.1846
64.226
64.2673
64.3086
64.35
64.3913
64.4326
64.4739
64.5153
64.5566
64.5979
64.6393
64.6806
64.7219
64.7632
64.8046
64.8459
64.8872
64.9286
64.9699
65.0112
65.0526
65.0939
65.1352
65.1765
65.2179
65.2592
65.3005
65.3419
65.3832
65.4245
65.4658
65.5072
65.5485
65.5898
65.6312
65.6725
65.7138
65.7551
65.7965
65.8378
65.8791
65.9205
65.9618
66.0031
66.0445
66.0858
66.1271
66.1684
66.2098
66.2511
66.2924
66.3338
66.3751
66.4164
66.4578
66.4991
66.5404
66.5817
66.6231
66.6644
66.7057
66.7471
66.7884
66.8297
66.871
66.9124
66.9537
66.995
67.0364
67.0777
67.119
67.1604
67.2017
67.243
67.2843
67.3257
67.367
67.4083
67.4497
67.491
67.5323
67.5736
67.615
67.6563
67.6976
67.739
67.7803
67.8216
67.863
67.9043
67.9456
67.9869
68.0283
68.0696
68.1109
68.1523
68.1936
68.2349
68.2762
68.3176
68.3589
68.4002
68.4416
68.4829
68.5242
68.5656
68.6069
68.6482
68.6895
68.7309
68.7722
68.8135
68.8549
68.8962
68.9375
68.9789
69.0202
69.0615
69.1028
69.1442
69.1855
69.2268
69.2682
69.3095
69.3508
69.3921
69.4335
69.4748
69.5161
69.5575
69.5988
69.6401
69.6814
69.7228
69.7641
69.8054
69.8468
69.8881
69.9294
69.9708
70.0121
70.0534
70.0947
70.1361
70.1774
70.2187
70.2601
70.3014
70.3427
70.384
70.4254
70.4667
70.508
70.5494
70.5907
70.632
70.6734
70.7147
70.756
70.7973
70.8387
70.88
70.9213
70.9627
71.004
71.0453
71.0866
71.128
71.1693
71.2106
71.252
71.2933
71.3346
71.376
71.4173
71.4586
71.4999
71.5413
71.5826
71.6239
71.6653
71.7066
71.7479
71.7893
71.8306
71.8719
71.9132
71.9546
71.9959
72.0372
72.0786
72.1199
72.1612
72.2025
72.2439
72.2852
72.3265
72.3679
72.4092
72.4505
72.4919
72.5332
72.5745
72.6158
72.6572
72.6985
72.7398
72.7812
72.8225
72.8638
72.9051
72.9465
72.9878
73.0291
73.0705
73.1118
73.1531
73.1945
73.2358
73.2771
73.3184
73.3598
73.4011
73.4424
73.4838
73.5251
73.5664
73.6077
73.6491
73.6904
73.7317
73.7731
73.8144
73.8557
73.8971
73.9384
73.9797
74.021
74.0624
74.1037
74.145
74.1864
74.2277
74.269
74.3103
74.3517
74.393
74.4343
74.4757
74.517
74.5583
74.5997
74.641
74.6823
74.7236
74.765
74.8063
74.8476
74.889
74.9303
74.9716
75.0129
75.0543
75.0956
75.1369
75.1783
75.2196
75.2609
75.3023
75.3436
75.3849
75.4262
75.4676
75.5089
75.5502
75.5916
75.6329
75.6742
75.7155
75.7569
75.7982
75.8395
75.8809
75.9222
75.9635
76.0049
76.0462
76.0875
76.1288
76.1702
76.2115
76.2528
76.2942
76.3355
76.3768
76.4182
76.4595
76.5008
76.5421
76.5835
76.6248
76.6661
76.7075
76.7488
76.7901
76.8314
76.8728
76.9141
76.9554
76.9968
77.0381
77.0794
77.1208
77.1621
77.2034
77.2447
77.2861
77.3274
77.3687
77.4101
77.4514
77.4927
77.534
77.5754
77.6167
77.658
77.6994
77.7407
77.782
77.8233
77.8647
77.906
77.9473
77.9887
78.03
78.0713
78.1127
78.154
78.1953
78.2366
78.278
78.3193
78.3606
78.402
78.4433
78.4846
78.5259
78.5673
78.6086
78.6499
78.6913
78.7326
78.7739
78.8153
78.8566
78.8979
78.9392
78.9806
79.0219
79.0632
79.1046
79.1459
79.1872
79.2286
79.2699
79.3112
79.3525
79.3939
79.4352
79.4765
79.5179
79.5592
79.6005
79.6418
79.6832
79.7245
79.7658
79.8072
79.8485
79.8898
79.9312
79.9725
80.0138
80.0551
80.0965
80.1378
80.1791
80.2205
80.2618
80.3031
80.3444
80.3858
80.4271
80.4684
80.5098
80.5511
80.5924
80.6338
80.6751
80.7164
80.7577
80.7991
80.8404
80.8817
80.9231
80.9644
81.0057
81.0471
81.0884
81.1297
81.171
81.2124
81.2537
81.295
81.3364
81.3777
81.419
81.4603
81.5017
81.543
81.5843
81.6257
81.667
81.7083
81.7496
81.791
81.8323
81.8736
81.915
81.9563
81.9976
82.039
82.0803
82.1216
82.1629
82.2043
82.2456
82.2869
82.3283
82.3696
82.4109
82.4522
82.4936
82.5349
82.5762
82.6176
82.6589
82.7002
82.7416
82.7829
82.8242
82.8655
82.9069
82.9482
82.9895
83.0309
83.0722
83.1135
83.1548
83.1962
83.2375
83.2788
83.3202
83.3615
83.4028
83.4442
83.4855
83.5268
83.5681
83.6095
83.6508
83.6921
83.7335
83.7748
83.8161
83.8575
83.8988
83.9401
83.9814
84.0228
84.0641
84.1054
84.1468
84.1881
84.2294
84.2707
84.3121
84.3534
84.3947
84.4361
84.4774
84.5187
84.5601
84.6014
84.6427
84.684
84.7254
84.7667
84.808
84.8494
84.8907
84.932
84.9733
85.0147
85.056
85.0973
85.1387
85.18
85.2213
85.2626
85.304
85.3453
85.3866
85.428
85.4693
85.5106
85.552
85.5933
85.6346
85.6759
85.7173
85.7586
85.7999
85.8413
85.8826
85.9239
85.9653
86.0066
86.0479
86.0892
86.1306
86.1719
86.2132
86.2546
86.2959
86.3372
86.3785
86.4199
86.4612
86.5025
86.5439
86.5852
86.6265
86.6679
86.7092
86.7505
86.7918
86.8332
86.8745
86.9158
86.9572
86.9985
87.0398
87.0811
87.1225
87.1638
87.2051
87.2465
87.2878
87.3291
87.3705
87.4118
87.4531
87.4944
87.5358
87.5771
87.6184
87.6598
87.7011
87.7424
87.7837
87.8251
87.8664
87.9077
87.9491
87.9904
88.0317
88.0731
88.1144
88.1557
88.197
88.2384
88.2797
88.321
88.3624
88.4037
88.445
88.4864
88.5277
88.569
88.6103
88.6517
88.693
88.7343
88.7757
88.817
88.8583
88.8996
88.941
88.9823
89.0236
89.065
89.1063
89.1476
89.1889
89.2303
89.2716
89.3129
89.3543
89.3956
89.4369
89.4783
89.5196
89.5609
89.6022
89.6436
89.6849
89.7262
89.7676
89.8089
89.8502
89.8915
89.9329
89.9742
90.0155
90.0569
90.0982
90.1395
90.1809
90.2222
90.2635
90.3048
90.3462
90.3875
90.4288
90.4702
90.5115
90.5528
90.5941
90.6355
90.6768
90.7181
90.7595
90.8008
90.8421
90.8835
90.9248
90.9661
91.0074
91.0488
91.0901
91.1314
91.1728
91.2141
91.2554
91.2968
91.3381
91.3794
91.4207
91.4621
91.5034
91.5447
91.5861
91.6274
91.6687
91.71
91.7514
91.7927
91.834
91.8754
91.9167
91.958
91.9994
92.0407
92.082
92.1233
92.1647
92.206
92.2473
92.2887
92.33
92.3713
92.4126
92.454
92.4953
92.5366
92.578
92.6193
92.6606
92.702
92.7433
92.7846
92.8259
92.8673
92.9086
92.9499
92.9913
93.0326
93.0739
93.1152
93.1566
93.1979
93.2392
93.2806
93.3219
93.3632
93.4046
93.4459
93.4872
93.5285
93.5699
93.6112
93.6525
93.6939
93.7352
93.7765
93.8178
93.8592
93.9005
93.9418
93.9832
94.0245
94.0658
94.1072
94.1485
94.1898
94.2311
94.2725
94.3138
94.3551
94.3965
94.4378
94.4791
94.5204
94.5618
94.6031
94.6444
94.6858
94.7271
94.7684
94.8098
94.8511
94.8924
94.9337
94.9751
95.0164
95.0577
95.0991
95.1404
95.1817
95.223
95.2644
95.3057
95.347
95.3884
95.4297
95.471
95.5124
95.5537
95.595
95.6363
95.6777
95.719
95.7603
95.8017
95.843
95.8843
95.9257
95.967
96.0083
96.0496
96.091
96.1323
96.1736
96.215
96.2563
96.2976
96.3389
96.3803
96.4216
96.4629
96.5043
96.5456
96.5869
96.6283
96.6696
96.7109
96.7522
96.7936
96.8349
96.8762
96.9176
96.9589
97.0002
97.0415
97.0829
97.1242
97.1655
97.2069
97.2482
97.2895
97.3308
97.3722
97.4135
97.4548
97.4962
97.5375
97.5788
97.6202
97.6615
97.7028
97.7441
97.7855
97.8268
97.8681
97.9095
97.9508
97.9921
98.0334
98.0748
98.1161
98.1574
98.1988
98.2401
98.2814
98.3228
98.3641
98.4054
98.4467
98.4881
98.5294
98.5707
98.6121
98.6534
98.6947
98.7361
98.7774
98.8187
98.86
98.9014
98.9427
98.984
99.0254
99.0667
99.108
99.1493
99.1907
99.232
99.2733
99.3147
99.356
99.3973
99.4387
99.48
99.5213
99.5626
99.604
99.6453
99.6866
99.728
99.7693
99.8106
99.8519
99.8933
99.9346
99.9759
sorting
printing
Finished 12 in 120 s
