142453744 residues to process
0
0.0115013
0.0230026
0.0345038
0.0460051
0.0575064
0.0690077
0.0805089
0.0920102
0.103511
0.115013
0.126514
0.138015
0.149517
0.161018
0.172519
0.18402
0.195522
0.207023
0.218524
0.230026
0.241527
0.253028
0.264529
0.276031
0.287532
0.299033
0.310534
0.322036
0.333537
0.345038
0.35654
0.368041
0.379542
0.391043
0.402545
0.414046
0.425547
0.437049
0.44855
0.460051
0.471552
0.483054
0.494555
0.506056
0.517558
0.529059
0.54056
0.552061
0.563563
0.575064
0.586565
0.598066
0.609568
0.621069
0.63257
0.644072
0.655573
0.667074
0.678575
0.690077
0.701578
0.713079
0.72458
0.736082
0.747583
0.759084
0.770586
0.782087
0.793588
0.805089
0.816591
0.828092
0.839593
0.851094
0.862596
0.874097
0.885598
0.8971
0.908601
0.920102
0.931603
0.943105
0.954606
0.966107
0.977609
0.98911
1.00061
1.01211
1.02361
1.03512
1.04662
1.05812
1.06962
1.08112
1.09262
1.10412
1.11562
1.12713
1.13863
1.15013
1.16163
1.17313
1.18463
1.19613
1.20763
1.21914
1.23064
1.24214
1.25364
1.26514
1.27664
1.28814
1.29964
1.31115
1.32265
1.33415
1.34565
1.35715
1.36865
1.38015
1.39165
1.40316
1.41466
1.42616
1.43766
1.44916
1.46066
1.47216
1.48366
1.49517
1.50667
1.51817
1.52967
1.54117
1.55267
1.56417
1.57568
1.58718
1.59868
1.61018
1.62168
1.63318
1.64468
1.65618
1.66769
1.67919
1.69069
1.70219
1.71369
1.72519
1.73669
1.74819
1.7597
1.7712
1.7827
1.7942
1.8057
1.8172
1.8287
1.8402
1.85171
1.86321
1.87471
1.88621
1.89771
1.90921
1.92071
1.93221
1.94372
1.95522
1.96672
1.97822
1.98972
2.00122
2.01272
2.02422
2.03573
2.04723
2.05873
2.07023
2.08173
2.09323
2.10473
2.11624
2.12774
2.13924
2.15074
2.16224
2.17374
2.18524
2.19674
2.20825
2.21975
2.23125
2.24275
2.25425
2.26575
2.27725
2.28875
2.30026
2.31176
2.32326
2.33476
2.34626
2.35776
2.36926
2.38076
2.39227
2.40377
2.41527
2.42677
2.43827
2.44977
2.46127
2.47277
2.48428
2.49578
2.50728
2.51878
2.53028
2.54178
2.55328
2.56478
2.57629
2.58779
2.59929
2.61079
2.62229
2.63379
2.64529
2.6568
2.6683
2.6798
2.6913
2.7028
2.7143
2.7258
2.7373
2.74881
2.76031
2.77181
2.78331
2.79481
2.80631
2.81781
2.82931
2.84082
2.85232
2.86382
2.87532
2.88682
2.89832
2.90982
2.92132
2.93283
2.94433
2.95583
2.96733
2.97883
2.99033
3.00183
3.01333
3.02484
3.03634
3.04784
3.05934
3.07084
3.08234
3.09384
3.10534
3.11685
3.12835
3.13985
3.15135
3.16285
3.17435
3.18585
3.19736
3.20886
3.22036
3.23186
3.24336
3.25486
3.26636
3.27786
3.28937
3.30087
3.31237
3.32387
3.33537
3.34687
3.35837
3.36987
3.38138
3.39288
3.40438
3.41588
3.42738
3.43888
3.45038
3.46188
3.47339
3.48489
3.49639
3.50789
3.51939
3.53089
3.54239
3.55389
3.5654
3.5769
3.5884
3.5999
3.6114
3.6229
3.6344
3.6459
3.65741
3.66891
3.68041
3.69191
3.70341
3.71491
3.72641
3.73792
3.74942
3.76092
3.77242
3.78392
3.79542
3.80692
3.81842
3.82993
3.84143
3.85293
3.86443
3.87593
3.88743
3.89893
3.91043
3.92194
3.93344
3.94494
3.95644
3.96794
3.97944
3.99094
4.00244
4.01395
4.02545
4.03695
4.04845
4.05995
4.07145
4.08295
4.09445
4.10596
4.11746
4.12896
4.14046
4.15196
4.16346
4.17496
4.18646
4.19797
4.20947
4.22097
4.23247
4.24397
4.25547
4.26697
4.27848
4.28998
4.30148
4.31298
4.32448
4.33598
4.34748
4.35898
4.37049
4.38199
4.39349
4.40499
4.41649
4.42799
4.43949
4.45099
4.4625
4.474
4.4855
4.497
4.5085
4.52
4.5315
4.543
4.55451
4.56601
4.57751
4.58901
4.60051
4.61201
4.62351
4.63501
4.64652
4.65802
4.66952
4.68102
4.69252
4.70402
4.71552
4.72703
4.73853
4.75003
4.76153
4.77303
4.78453
4.79603
4.80753
4.81904
4.83054
4.84204
4.85354
4.86504
4.87654
4.88804
4.89954
4.91105
4.92255
4.93405
4.94555
4.95705
4.96855
4.98005
4.99155
5.00306
5.01456
5.02606
5.03756
5.04906
5.06056
5.07206
5.08356
5.09507
5.10657
5.11807
5.12957
5.14107
5.15257
5.16407
5.17557
5.18708
5.19858
5.21008
5.22158
5.23308
5.24458
5.25608
5.26758
5.27909
5.29059
5.30209
5.31359
5.32509
5.33659
5.34809
5.3596
5.3711
5.3826
5.3941
5.4056
5.4171
5.4286
5.4401
5.45161
5.46311
5.47461
5.48611
5.49761
5.50911
5.52061
5.53211
5.54362
5.55512
5.56662
5.57812
5.58962
5.60112
5.61262
5.62412
5.63563
5.64713
5.65863
5.67013
5.68163
5.69313
5.70463
5.71613
5.72764
5.73914
5.75064
5.76214
5.77364
5.78514
5.79664
5.80815
5.81965
5.83115
5.84265
5.85415
5.86565
5.87715
5.88865
5.90016
5.91166
5.92316
5.93466
5.94616
5.95766
5.96916
5.98066
5.99217
6.00367
6.01517
6.02667
6.03817
6.04967
6.06117
6.07267
6.08418
6.09568
6.10718
6.11868
6.13018
6.14168
6.15318
6.16468
6.17619
6.18769
6.19919
6.21069
6.22219
6.23369
6.24519
6.25669
6.2682
6.2797
6.2912
6.3027
6.3142
6.3257
6.3372
6.3487
6.36021
6.37171
6.38321
6.39471
6.40621
6.41771
6.42921
6.44072
6.45222
6.46372
6.47522
6.48672
6.49822
6.50972
6.52122
6.53273
6.54423
6.55573
6.56723
6.57873
6.59023
6.60173
6.61323
6.62474
6.63624
6.64774
6.65924
6.67074
6.68224
6.69374
6.70524
6.71675
6.72825
6.73975
6.75125
6.76275
6.77425
6.78575
6.79726
6.80876
6.82026
6.83176
6.84326
6.85476
6.86626
6.87776
6.88927
6.90077
6.91227
6.92377
6.93527
6.94677
6.95827
6.96977
6.98128
6.99278
7.00428
7.01578
7.02728
7.03878
7.05028
7.06178
7.07329
7.08479
7.09629
7.10779
7.11929
7.13079
7.14229
7.15379
7.1653
7.1768
7.1883
7.1998
7.2113
7.2228
7.2343
7.2458
7.25731
7.26881
7.28031
7.29181
7.30331
7.31481
7.32631
7.33781
7.34932
7.36082
7.37232
7.38382
7.39532
7.40682
7.41832
7.42983
7.44133
7.45283
7.46433
7.47583
7.48733
7.49883
7.51033
7.52184
7.53334
7.54484
7.55634
7.56784
7.57934
7.59084
7.60234
7.61385
7.62535
7.63685
7.64835
7.65985
7.67135
7.68285
7.69435
7.70586
7.71736
7.72886
7.74036
7.75186
7.76336
7.77486
7.78636
7.79787
7.80937
7.82087
7.83237
7.84387
7.85537
7.86687
7.87838
7.88988
7.90138
7.91288
7.92438
7.93588
7.94738
7.95888
7.97039
7.98189
7.99339
8.00489
8.01639
8.02789
8.03939
8.05089
8.0624
8.0739
8.0854
8.0969
8.1084
8.1199
8.1314
8.1429
8.15441
8.16591
8.17741
8.18891
8.20041
8.21191
8.22341
8.23491
8.24642
8.25792
8.26942
8.28092
8.29242
8.30392
8.31542
8.32692
8.33843
8.34993
8.36143
8.37293
8.38443
8.39593
8.40743
8.41893
8.43044
8.44194
8.45344
8.46494
8.47644
8.48794
8.49944
8.51095
8.52245
8.53395
8.54545
8.55695
8.56845
8.57995
8.59145
8.60296
8.61446
8.62596
8.63746
8.64896
8.66046
8.67196
8.68346
8.69497
8.70647
8.71797
8.72947
8.74097
8.75247
8.76397
8.77547
8.78698
8.79848
8.80998
8.82148
8.83298
8.84448
8.85598
8.86749
8.87899
8.89049
8.90199
8.91349
8.92499
8.93649
8.94799
8.95949
8.971
8.9825
8.994
9.0055
9.017
9.0285
9.04
9.05151
9.06301
9.07451
9.08601
9.09751
9.10901
9.12051
9.13201
9.14352
9.15502
9.16652
9.17802
9.18952
9.20102
9.21252
9.22402
9.23553
9.24703
9.25853
9.27003
9.28153
9.29303
9.30453
9.31603
9.32754
9.33904
9.35054
9.36204
9.37354
9.38504
9.39654
9.40804
9.41955
9.43105
9.44255
9.45405
9.46555
9.47705
9.48855
9.50006
9.51156
9.52306
9.53456
9.54606
9.55756
9.56906
9.58056
9.59206
9.60357
9.61507
9.62657
9.63807
9.64957
9.66107
9.67257
9.68408
9.69558
9.70708
9.71858
9.73008
9.74158
9.75308
9.76458
9.77609
9.78759
9.79909
9.81059
9.82209
9.83359
9.84509
9.8566
9.8681
9.8796
9.8911
9.9026
9.9141
9.9256
9.9371
9.9486
9.96011
9.97161
9.98311
9.99461
10.0061
10.0176
10.0291
10.0406
10.0521
10.0636
10.0751
10.0866
10.0981
10.1096
10.1211
10.1326
10.1441
10.1556
10.1671
10.1786
10.1901
10.2016
10.2131
10.2246
10.2361
10.2476
10.2591
10.2706
10.2821
10.2936
10.3051
10.3166
10.3281
10.3396
10.3511
10.3627
10.3742
10.3857
10.3972
10.4087
10.4202
10.4317
10.4432
10.4547
10.4662
10.4777
10.4892
10.5007
10.5122
10.5237
10.5352
10.5467
10.5582
10.5697
10.5812
10.5927
10.6042
10.6157
10.6272
10.6387
10.6502
10.6617
10.6732
10.6847
10.6962
10.7077
10.7192
10.7307
10.7422
10.7537
10.7652
10.7767
10.7882
10.7997
10.8112
10.8227
10.8342
10.8457
10.8572
10.8687
10.8802
10.8917
10.9032
10.9147
10.9262
10.9377
10.9492
10.9607
10.9722
10.9837
10.9952
11.0067
11.0182
11.0297
11.0412
11.0527
11.0642
11.0757
11.0872
11.0987
11.1102
11.1217
11.1332
11.1447
11.1562
11.1677
11.1792
11.1907
11.2022
11.2137
11.2252
11.2367
11.2482
11.2598
11.2713
11.2828
11.2943
11.3058
11.3173
11.3288
11.3403
11.3518
11.3633
11.3748
11.3863
11.3978
11.4093
11.4208
11.4323
11.4438
11.4553
11.4668
11.4783
11.4898
11.5013
11.5128
11.5243
11.5358
11.5473
11.5588
11.5703
11.5818
11.5933
11.6048
11.6163
11.6278
11.6393
11.6508
11.6623
11.6738
11.6853
11.6968
11.7083
11.7198
11.7313
11.7428
11.7543
11.7658
11.7773
11.7888
11.8003
11.8118
11.8233
11.8348
11.8463
11.8578
11.8693
11.8808
11.8923
11.9038
11.9153
11.9268
11.9383
11.9498
11.9613
11.9728
11.9843
11.9958
12.0073
12.0188
12.0303
12.0418
12.0533
12.0648
12.0763
12.0878
12.0993
12.1108
12.1223
12.1338
12.1453
12.1568
12.1684
12.1799
12.1914
12.2029
12.2144
12.2259
12.2374
12.2489
12.2604
12.2719
12.2834
12.2949
12.3064
12.3179
12.3294
12.3409
12.3524
12.3639
12.3754
12.3869
12.3984
12.4099
12.4214
12.4329
12.4444
12.4559
12.4674
12.4789
12.4904
12.5019
12.5134
12.5249
12.5364
12.5479
12.5594
12.5709
12.5824
12.5939
12.6054
12.6169
12.6284
12.6399
12.6514
12.6629
12.6744
12.6859
12.6974
12.7089
12.7204
12.7319
12.7434
12.7549
12.7664
12.7779
12.7894
12.8009
12.8124
12.8239
12.8354
12.8469
12.8584
12.8699
12.8814
12.8929
12.9044
12.9159
12.9274
12.9389
12.9504
12.9619
12.9734
12.9849
12.9964
13.0079
13.0194
13.0309
13.0424
13.0539
13.0655
13.077
13.0885
13.1
13.1115
13.123
13.1345
13.146
13.1575
13.169
13.1805
13.192
13.2035
13.215
13.2265
13.238
13.2495
13.261
13.2725
13.284
13.2955
13.307
13.3185
13.33
13.3415
13.353
13.3645
13.376
13.3875
13.399
13.4105
13.422
13.4335
13.445
13.4565
13.468
13.4795
13.491
13.5025
13.514
13.5255
13.537
13.5485
13.56
13.5715
13.583
13.5945
13.606
13.6175
13.629
13.6405
13.652
13.6635
13.675
13.6865
13.698
13.7095
13.721
13.7325
13.744
13.7555
13.767
13.7785
13.79
13.8015
13.813
13.8245
13.836
13.8475
13.859
13.8705
13.882
13.8935
13.905
13.9165
13.928
13.9395
13.951
13.9626
13.9741
13.9856
13.9971
14.0086
14.0201
14.0316
14.0431
14.0546
14.0661
14.0776
14.0891
14.1006
14.1121
14.1236
14.1351
14.1466
14.1581
14.1696
14.1811
14.1926
14.2041
14.2156
14.2271
14.2386
14.2501
14.2616
14.2731
14.2846
14.2961
14.3076
14.3191
14.3306
14.3421
14.3536
14.3651
14.3766
14.3881
14.3996
14.4111
14.4226
14.4341
14.4456
14.4571
14.4686
14.4801
14.4916
14.5031
14.5146
14.5261
14.5376
14.5491
14.5606
14.5721
14.5836
14.5951
14.6066
14.6181
14.6296
14.6411
14.6526
14.6641
14.6756
14.6871
14.6986
14.7101
14.7216
14.7331
14.7446
14.7561
14.7676
14.7791
14.7906
14.8021
14.8136
14.8251
14.8366
14.8481
14.8597
14.8712
14.8827
14.8942
14.9057
14.9172
14.9287
14.9402
14.9517
14.9632
14.9747
14.9862
14.9977
15.0092
15.0207
15.0322
15.0437
15.0552
15.0667
15.0782
15.0897
15.1012
15.1127
15.1242
15.1357
15.1472
15.1587
15.1702
15.1817
15.1932
15.2047
15.2162
15.2277
15.2392
15.2507
15.2622
15.2737
15.2852
15.2967
15.3082
15.3197
15.3312
15.3427
15.3542
15.3657
15.3772
15.3887
15.4002
15.4117
15.4232
15.4347
15.4462
15.4577
15.4692
15.4807
15.4922
15.5037
15.5152
15.5267
15.5382
15.5497
15.5612
15.5727
15.5842
15.5957
15.6072
15.6187
15.6302
15.6417
15.6532
15.6647
15.6762
15.6877
15.6992
15.7107
15.7222
15.7337
15.7452
15.7568
15.7683
15.7798
15.7913
15.8028
15.8143
15.8258
15.8373
15.8488
15.8603
15.8718
15.8833
15.8948
15.9063
15.9178
15.9293
15.9408
15.9523
15.9638
15.9753
15.9868
15.9983
16.0098
16.0213
16.0328
16.0443
16.0558
16.0673
16.0788
16.0903
16.1018
16.1133
16.1248
16.1363
16.1478
16.1593
16.1708
16.1823
16.1938
16.2053
16.2168
16.2283
16.2398
16.2513
16.2628
16.2743
16.2858
16.2973
16.3088
16.3203
16.3318
16.3433
16.3548
16.3663
16.3778
16.3893
16.4008
16.4123
16.4238
16.4353
16.4468
16.4583
16.4698
16.4813
16.4928
16.5043
16.5158
16.5273
16.5388
16.5503
16.5618
16.5733
16.5848
16.5963
16.6078
16.6193
16.6308
16.6423
16.6538
16.6653
16.6769
16.6884
16.6999
16.7114
16.7229
16.7344
16.7459
16.7574
16.7689
16.7804
16.7919
16.8034
16.8149
16.8264
16.8379
16.8494
16.8609
16.8724
16.8839
16.8954
16.9069
16.9184
16.9299
16.9414
16.9529
16.9644
16.9759
16.9874
16.9989
17.0104
17.0219
17.0334
17.0449
17.0564
17.0679
17.0794
17.0909
17.1024
17.1139
17.1254
17.1369
17.1484
17.1599
17.1714
17.1829
17.1944
17.2059
17.2174
17.2289
17.2404
17.2519
17.2634
17.2749
17.2864
17.2979
17.3094
17.3209
17.3324
17.3439
17.3554
17.3669
17.3784
17.3899
17.4014
17.4129
17.4244
17.4359
17.4474
17.4589
17.4704
17.4819
17.4934
17.5049
17.5164
17.5279
17.5394
17.5509
17.5625
17.574
17.5855
17.597
17.6085
17.62
17.6315
17.643
17.6545
17.666
17.6775
17.689
17.7005
17.712
17.7235
17.735
17.7465
17.758
17.7695
17.781
17.7925
17.804
17.8155
17.827
17.8385
17.85
17.8615
17.873
17.8845
17.896
17.9075
17.919
17.9305
17.942
17.9535
17.965
17.9765
17.988
17.9995
18.011
18.0225
18.034
18.0455
18.057
18.0685
18.08
18.0915
18.103
18.1145
18.126
18.1375
18.149
18.1605
18.172
18.1835
18.195
18.2065
18.218
18.2295
18.241
18.2525
18.264
18.2755
18.287
18.2985
18.31
18.3215
18.333
18.3445
18.356
18.3675
18.379
18.3905
18.402
18.4135
18.425
18.4365
18.448
18.4596
18.4711
18.4826
18.4941
18.5056
18.5171
18.5286
18.5401
18.5516
18.5631
18.5746
18.5861
18.5976
18.6091
18.6206
18.6321
18.6436
18.6551
18.6666
18.6781
18.6896
18.7011
18.7126
18.7241
18.7356
18.7471
18.7586
18.7701
18.7816
18.7931
18.8046
18.8161
18.8276
18.8391
18.8506
18.8621
18.8736
18.8851
18.8966
18.9081
18.9196
18.9311
18.9426
18.9541
18.9656
18.9771
18.9886
19.0001
19.0116
19.0231
19.0346
19.0461
19.0576
19.0691
19.0806
19.0921
19.1036
19.1151
19.1266
19.1381
19.1496
19.1611
19.1726
19.1841
19.1956
19.2071
19.2186
19.2301
19.2416
19.2531
19.2646
19.2761
19.2876
19.2991
19.3106
19.3221
19.3336
19.3451
19.3566
19.3682
19.3797
19.3912
19.4027
19.4142
19.4257
19.4372
19.4487
19.4602
19.4717
19.4832
19.4947
19.5062
19.5177
19.5292
19.5407
19.5522
19.5637
19.5752
19.5867
19.5982
19.6097
19.6212
19.6327
19.6442
19.6557
19.6672
19.6787
19.6902
19.7017
19.7132
19.7247
19.7362
19.7477
19.7592
19.7707
19.7822
19.7937
19.8052
19.8167
19.8282
19.8397
19.8512
19.8627
19.8742
19.8857
19.8972
19.9087
19.9202
19.9317
19.9432
19.9547
19.9662
19.9777
19.9892
20.0007
20.0122
20.0237
20.0352
20.0467
20.0582
20.0697
20.0812
20.0927
20.1042
20.1157
20.1272
20.1387
20.1502
20.1617
20.1732
20.1847
20.1962
20.2077
20.2192
20.2307
20.2422
20.2537
20.2653
20.2768
20.2883
20.2998
20.3113
20.3228
20.3343
20.3458
20.3573
20.3688
20.3803
20.3918
20.4033
20.4148
20.4263
20.4378
20.4493
20.4608
20.4723
20.4838
20.4953
20.5068
20.5183
20.5298
20.5413
20.5528
20.5643
20.5758
20.5873
20.5988
20.6103
20.6218
20.6333
20.6448
20.6563
20.6678
20.6793
20.6908
20.7023
20.7138
20.7253
20.7368
20.7483
20.7598
20.7713
20.7828
20.7943
20.8058
20.8173
20.8288
20.8403
20.8518
20.8633
20.8748
20.8863
20.8978
20.9093
20.9208
20.9323
20.9438
20.9553
20.9668
20.9783
20.9898
21.0013
21.0128
21.0243
21.0358
21.0473
21.0588
21.0703
21.0818
21.0933
21.1048
21.1163
21.1278
21.1393
21.1508
21.1623
21.1739
21.1854
21.1969
21.2084
21.2199
21.2314
21.2429
21.2544
21.2659
21.2774
21.2889
21.3004
21.3119
21.3234
21.3349
21.3464
21.3579
21.3694
21.3809
21.3924
21.4039
21.4154
21.4269
21.4384
21.4499
21.4614
21.4729
21.4844
21.4959
21.5074
21.5189
21.5304
21.5419
21.5534
21.5649
21.5764
21.5879
21.5994
21.6109
21.6224
21.6339
21.6454
21.6569
21.6684
21.6799
21.6914
21.7029
21.7144
21.7259
21.7374
21.7489
21.7604
21.7719
21.7834
21.7949
21.8064
21.8179
21.8294
21.8409
21.8524
21.8639
21.8754
21.8869
21.8984
21.9099
21.9214
21.9329
21.9444
21.9559
21.9674
21.9789
21.9904
22.0019
22.0134
22.0249
22.0364
22.0479
22.0595
22.071
22.0825
22.094
22.1055
22.117
22.1285
22.14
22.1515
22.163
22.1745
22.186
22.1975
22.209
22.2205
22.232
22.2435
22.255
22.2665
22.278
22.2895
22.301
22.3125
22.324
22.3355
22.347
22.3585
22.37
22.3815
22.393
22.4045
22.416
22.4275
22.439
22.4505
22.462
22.4735
22.485
22.4965
22.508
22.5195
22.531
22.5425
22.554
22.5655
22.577
22.5885
22.6
22.6115
22.623
22.6345
22.646
22.6575
22.669
22.6805
22.692
22.7035
22.715
22.7265
22.738
22.7495
22.761
22.7725
22.784
22.7955
22.807
22.8185
22.83
22.8415
22.853
22.8645
22.876
22.8875
22.899
22.9105
22.922
22.9335
22.945
22.9565
22.9681
22.9796
22.9911
23.0026
23.0141
23.0256
23.0371
23.0486
23.0601
23.0716
23.0831
23.0946
23.1061
23.1176
23.1291
23.1406
23.1521
23.1636
23.1751
23.1866
23.1981
23.2096
23.2211
23.2326
23.2441
23.2556
23.2671
23.2786
23.2901
23.3016
23.3131
23.3246
23.3361
23.3476
23.3591
23.3706
23.3821
23.3936
23.4051
23.4166
23.4281
23.4396
23.4511
23.4626
23.4741
23.4856
23.4971
23.5086
23.5201
23.5316
23.5431
23.5546
23.5661
23.5776
23.5891
23.6006
23.6121
23.6236
23.6351
23.6466
23.6581
23.6696
23.6811
23.6926
23.7041
23.7156
23.7271
23.7386
23.7501
23.7616
23.7731
23.7846
23.7961
23.8076
23.8191
23.8306
23.8421
23.8536
23.8652
23.8767
23.8882
23.8997
23.9112
23.9227
23.9342
23.9457
23.9572
23.9687
23.9802
23.9917
24.0032
24.0147
24.0262
24.0377
24.0492
24.0607
24.0722
24.0837
24.0952
24.1067
24.1182
24.1297
24.1412
24.1527
24.1642
24.1757
24.1872
24.1987
24.2102
24.2217
24.2332
24.2447
24.2562
24.2677
24.2792
24.2907
24.3022
24.3137
24.3252
24.3367
24.3482
24.3597
24.3712
24.3827
24.3942
24.4057
24.4172
24.4287
24.4402
24.4517
24.4632
24.4747
24.4862
24.4977
24.5092
24.5207
24.5322
24.5437
24.5552
24.5667
24.5782
24.5897
24.6012
24.6127
24.6242
24.6357
24.6472
24.6587
24.6702
24.6817
24.6932
24.7047
24.7162
24.7277
24.7392
24.7507
24.7622
24.7738
24.7853
24.7968
24.8083
24.8198
24.8313
24.8428
24.8543
24.8658
24.8773
24.8888
24.9003
24.9118
24.9233
24.9348
24.9463
24.9578
24.9693
24.9808
24.9923
25.0038
25.0153
25.0268
25.0383
25.0498
25.0613
25.0728
25.0843
25.0958
25.1073
25.1188
25.1303
25.1418
25.1533
25.1648
25.1763
25.1878
25.1993
25.2108
25.2223
25.2338
25.2453
25.2568
25.2683
25.2798
25.2913
25.3028
25.3143
25.3258
25.3373
25.3488
25.3603
25.3718
25.3833
25.3948
25.4063
25.4178
25.4293
25.4408
25.4523
25.4638
25.4753
25.4868
25.4983
25.5098
25.5213
25.5328
25.5443
25.5558
25.5673
25.5788
25.5903
25.6018
25.6133
25.6248
25.6363
25.6478
25.6593
25.6709
25.6824
25.6939
25.7054
25.7169
25.7284
25.7399
25.7514
25.7629
25.7744
25.7859
25.7974
25.8089
25.8204
25.8319
25.8434
25.8549
25.8664
25.8779
25.8894
25.9009
25.9124
25.9239
25.9354
25.9469
25.9584
25.9699
25.9814
25.9929
26.0044
26.0159
26.0274
26.0389
26.0504
26.0619
26.0734
26.0849
26.0964
26.1079
26.1194
26.1309
26.1424
26.1539
26.1654
26.1769
26.1884
26.1999
26.2114
26.2229
26.2344
26.2459
26.2574
26.2689
26.2804
26.2919
26.3034
26.3149
26.3264
26.3379
26.3494
26.3609
26.3724
26.3839
26.3954
26.4069
26.4184
26.4299
26.4414
26.4529
26.4644
26.4759
26.4874
26.4989
26.5104
26.5219
26.5334
26.5449
26.5564
26.568
26.5795
26.591
26.6025
26.614
26.6255
26.637
26.6485
26.66
26.6715
26.683
26.6945
26.706
26.7175
26.729
26.7405
26.752
26.7635
26.775
26.7865
26.798
26.8095
26.821
26.8325
26.844
26.8555
26.867
26.8785
26.89
26.9015
26.913
26.9245
26.936
26.9475
26.959
26.9705
26.982
26.9935
27.005
27.0165
27.028
27.0395
27.051
27.0625
27.074
27.0855
27.097
27.1085
27.12
27.1315
27.143
27.1545
27.166
27.1775
27.189
27.2005
27.212
27.2235
27.235
27.2465
27.258
27.2695
27.281
27.2925
27.304
27.3155
27.327
27.3385
27.35
27.3615
27.373
27.3845
27.396
27.4075
27.419
27.4305
27.442
27.4535
27.465
27.4766
27.4881
27.4996
27.5111
27.5226
27.5341
27.5456
27.5571
27.5686
27.5801
27.5916
27.6031
27.6146
27.6261
27.6376
27.6491
27.6606
27.6721
27.6836
27.6951
27.7066
27.7181
27.7296
27.7411
27.7526
27.7641
27.7756
27.7871
27.7986
27.8101
27.8216
27.8331
27.8446
27.8561
27.8676
27.8791
27.8906
27.9021
27.9136
27.9251
27.9366
27.9481
27.9596
27.9711
27.9826
27.9941
28.0056
28.0171
28.0286
28.0401
28.0516
28.0631
28.0746
28.0861
28.0976
28.1091
28.1206
28.1321
28.1436
28.1551
28.1666
28.1781
28.1896
28.2011
28.2126
28.2241
28.2356
28.2471
28.2586
28.2701
28.2816
28.2931
28.3046
28.3161
28.3276
28.3391
28.3506
28.3622
28.3737
28.3852
28.3967
28.4082
28.4197
28.4312
28.4427
28.4542
28.4657
28.4772
28.4887
28.5002
28.5117
28.5232
28.5347
28.5462
28.5577
28.5692
28.5807
28.5922
28.6037
28.6152
28.6267
28.6382
28.6497
28.6612
28.6727
28.6842
28.6957
28.7072
28.7187
28.7302
28.7417
28.7532
28.7647
28.7762
28.7877
28.7992
28.8107
28.8222
28.8337
28.8452
28.8567
28.8682
28.8797
28.8912
28.9027
28.9142
28.9257
28.9372
28.9487
28.9602
28.9717
28.9832
28.9947
29.0062
29.0177
29.0292
29.0407
29.0522
29.0637
29.0752
29.0867
29.0982
29.1097
29.1212
29.1327
29.1442
29.1557
29.1672
29.1787
29.1902
29.2017
29.2132
29.2247
29.2362
29.2477
29.2592
29.2708
29.2823
29.2938
29.3053
29.3168
29.3283
29.3398
29.3513
29.3628
29.3743
29.3858
29.3973
29.4088
29.4203
29.4318
29.4433
29.4548
29.4663
29.4778
29.4893
29.5008
29.5123
29.5238
29.5353
29.5468
29.5583
29.5698
29.5813
29.5928
29.6043
29.6158
29.6273
29.6388
29.6503
29.6618
29.6733
29.6848
29.6963
29.7078
29.7193
29.7308
29.7423
29.7538
29.7653
29.7768
29.7883
29.7998
29.8113
29.8228
29.8343
29.8458
29.8573
29.8688
29.8803
29.8918
29.9033
29.9148
29.9263
29.9378
29.9493
29.9608
29.9723
29.9838
29.9953
30.0068
30.0183
30.0298
30.0413
30.0528
30.0643
30.0758
30.0873
30.0988
30.1103
30.1218
30.1333
30.1448
30.1563
30.1679
30.1794
30.1909
30.2024
30.2139
30.2254
30.2369
30.2484
30.2599
30.2714
30.2829
30.2944
30.3059
30.3174
30.3289
30.3404
30.3519
30.3634
30.3749
30.3864
30.3979
30.4094
30.4209
30.4324
30.4439
30.4554
30.4669
30.4784
30.4899
30.5014
30.5129
30.5244
30.5359
30.5474
30.5589
30.5704
30.5819
30.5934
30.6049
30.6164
30.6279
30.6394
30.6509
30.6624
30.6739
30.6854
30.6969
30.7084
30.7199
30.7314
30.7429
30.7544
30.7659
30.7774
30.7889
30.8004
30.8119
30.8234
30.8349
30.8464
30.8579
30.8694
30.8809
30.8924
30.9039
30.9154
30.9269
30.9384
30.9499
30.9614
30.9729
30.9844
30.9959
31.0074
31.0189
31.0304
31.0419
31.0534
31.0649
31.0765
31.088
31.0995
31.111
31.1225
31.134
31.1455
31.157
31.1685
31.18
31.1915
31.203
31.2145
31.226
31.2375
31.249
31.2605
31.272
31.2835
31.295
31.3065
31.318
31.3295
31.341
31.3525
31.364
31.3755
31.387
31.3985
31.41
31.4215
31.433
31.4445
31.456
31.4675
31.479
31.4905
31.502
31.5135
31.525
31.5365
31.548
31.5595
31.571
31.5825
31.594
31.6055
31.617
31.6285
31.64
31.6515
31.663
31.6745
31.686
31.6975
31.709
31.7205
31.732
31.7435
31.755
31.7665
31.778
31.7895
31.801
31.8125
31.824
31.8355
31.847
31.8585
31.87
31.8815
31.893
31.9045
31.916
31.9275
31.939
31.9505
31.962
31.9736
31.9851
31.9966
32.0081
32.0196
32.0311
32.0426
32.0541
32.0656
32.0771
32.0886
32.1001
32.1116
32.1231
32.1346
32.1461
32.1576
32.1691
32.1806
32.1921
32.2036
32.2151
32.2266
32.2381
32.2496
32.2611
32.2726
32.2841
32.2956
32.3071
32.3186
32.3301
32.3416
32.3531
32.3646
32.3761
32.3876
32.3991
32.4106
32.4221
32.4336
32.4451
32.4566
32.4681
32.4796
32.4911
32.5026
32.5141
32.5256
32.5371
32.5486
32.5601
32.5716
32.5831
32.5946
32.6061
32.6176
32.6291
32.6406
32.6521
32.6636
32.6751
32.6866
32.6981
32.7096
32.7211
32.7326
32.7441
32.7556
32.7671
32.7786
32.7901
32.8016
32.8131
32.8246
32.8361
32.8476
32.8591
32.8707
32.8822
32.8937
32.9052
32.9167
32.9282
32.9397
32.9512
32.9627
32.9742
32.9857
32.9972
33.0087
33.0202
33.0317
33.0432
33.0547
33.0662
33.0777
33.0892
33.1007
33.1122
33.1237
33.1352
33.1467
33.1582
33.1697
33.1812
33.1927
33.2042
33.2157
33.2272
33.2387
33.2502
33.2617
33.2732
33.2847
33.2962
33.3077
33.3192
33.3307
33.3422
33.3537
33.3652
33.3767
33.3882
33.3997
33.4112
33.4227
33.4342
33.4457
33.4572
33.4687
33.4802
33.4917
33.5032
33.5147
33.5262
33.5377
33.5492
33.5607
33.5722
33.5837
33.5952
33.6067
33.6182
33.6297
33.6412
33.6527
33.6642
33.6757
33.6872
33.6987
33.7102
33.7217
33.7332
33.7447
33.7562
33.7677
33.7793
33.7908
33.8023
33.8138
33.8253
33.8368
33.8483
33.8598
33.8713
33.8828
33.8943
33.9058
33.9173
33.9288
33.9403
33.9518
33.9633
33.9748
33.9863
33.9978
34.0093
34.0208
34.0323
34.0438
34.0553
34.0668
34.0783
34.0898
34.1013
34.1128
34.1243
34.1358
34.1473
34.1588
34.1703
34.1818
34.1933
34.2048
34.2163
34.2278
34.2393
34.2508
34.2623
34.2738
34.2853
34.2968
34.3083
34.3198
34.3313
34.3428
34.3543
34.3658
34.3773
34.3888
34.4003
34.4118
34.4233
34.4348
34.4463
34.4578
34.4693
34.4808
34.4923
34.5038
34.5153
34.5268
34.5383
34.5498
34.5613
34.5728
34.5843
34.5958
34.6073
34.6188
34.6303
34.6418
34.6533
34.6648
34.6763
34.6879
34.6994
34.7109
34.7224
34.7339
34.7454
34.7569
34.7684
34.7799
34.7914
34.8029
34.8144
34.8259
34.8374
34.8489
34.8604
34.8719
34.8834
34.8949
34.9064
34.9179
34.9294
34.9409
34.9524
34.9639
34.9754
34.9869
34.9984
35.0099
35.0214
35.0329
35.0444
35.0559
35.0674
35.0789
35.0904
35.1019
35.1134
35.1249
35.1364
35.1479
35.1594
35.1709
35.1824
35.1939
35.2054
35.2169
35.2284
35.2399
35.2514
35.2629
35.2744
35.2859
35.2974
35.3089
35.3204
35.3319
35.3434
35.3549
35.3664
35.3779
35.3894
35.4009
35.4124
35.4239
35.4354
35.4469
35.4584
35.4699
35.4814
35.4929
35.5044
35.5159
35.5274
35.5389
35.5504
35.562
35.5735
35.585
35.5965
35.608
35.6195
35.631
35.6425
35.654
35.6655
35.677
35.6885
35.7
35.7115
35.723
35.7345
35.746
35.7575
35.769
35.7805
35.792
35.8035
35.815
35.8265
35.838
35.8495
35.861
35.8725
35.884
35.8955
35.907
35.9185
35.93
35.9415
35.953
35.9645
35.976
35.9875
35.999
36.0105
36.022
36.0335
36.045
36.0565
36.068
36.0795
36.091
36.1025
36.114
36.1255
36.137
36.1485
36.16
36.1715
36.183
36.1945
36.206
36.2175
36.229
36.2405
36.252
36.2635
36.275
36.2865
36.298
36.3095
36.321
36.3325
36.344
36.3555
36.367
36.3785
36.39
36.4015
36.413
36.4245
36.436
36.4475
36.459
36.4706
36.4821
36.4936
36.5051
36.5166
36.5281
36.5396
36.5511
36.5626
36.5741
36.5856
36.5971
36.6086
36.6201
36.6316
36.6431
36.6546
36.6661
36.6776
36.6891
36.7006
36.7121
36.7236
36.7351
36.7466
36.7581
36.7696
36.7811
36.7926
36.8041
36.8156
36.8271
36.8386
36.8501
36.8616
36.8731
36.8846
36.8961
36.9076
36.9191
36.9306
36.9421
36.9536
36.9651
36.9766
36.9881
36.9996
37.0111
37.0226
37.0341
37.0456
37.0571
37.0686
37.0801
37.0916
37.1031
37.1146
37.1261
37.1376
37.1491
37.1606
37.1721
37.1836
37.1951
37.2066
37.2181
37.2296
37.2411
37.2526
37.2641
37.2756
37.2871
37.2986
37.3101
37.3216
37.3331
37.3446
37.3561
37.3676
37.3792
37.3907
37.4022
37.4137
37.4252
37.4367
37.4482
37.4597
37.4712
37.4827
37.4942
37.5057
37.5172
37.5287
37.5402
37.5517
37.5632
37.5747
37.5862
37.5977
37.6092
37.6207
37.6322
37.6437
37.6552
37.6667
37.6782
37.6897
37.7012
37.7127
37.7242
37.7357
37.7472
37.7587
37.7702
37.7817
37.7932
37.8047
37.8162
37.8277
37.8392
37.8507
37.8622
37.8737
37.8852
37.8967
37.9082
37.9197
37.9312
37.9427
37.9542
37.9657
37.9772
37.9887
38.0002
38.0117
38.0232
38.0347
38.0462
38.0577
38.0692
38.0807
38.0922
38.1037
38.1152
38.1267
38.1382
38.1497
38.1612
38.1727
38.1842
38.1957
38.2072
38.2187
38.2302
38.2417
38.2532
38.2647
38.2762
38.2878
38.2993
38.3108
38.3223
38.3338
38.3453
38.3568
38.3683
38.3798
38.3913
38.4028
38.4143
38.4258
38.4373
38.4488
38.4603
38.4718
38.4833
38.4948
38.5063
38.5178
38.5293
38.5408
38.5523
38.5638
38.5753
38.5868
38.5983
38.6098
38.6213
38.6328
38.6443
38.6558
38.6673
38.6788
38.6903
38.7018
38.7133
38.7248
38.7363
38.7478
38.7593
38.7708
38.7823
38.7938
38.8053
38.8168
38.8283
38.8398
38.8513
38.8628
38.8743
38.8858
38.8973
38.9088
38.9203
38.9318
38.9433
38.9548
38.9663
38.9778
38.9893
39.0008
39.0123
39.0238
39.0353
39.0468
39.0583
39.0698
39.0813
39.0928
39.1043
39.1158
39.1273
39.1388
39.1503
39.1618
39.1734
39.1849
39.1964
39.2079
39.2194
39.2309
39.2424
39.2539
39.2654
39.2769
39.2884
39.2999
39.3114
39.3229
39.3344
39.3459
39.3574
39.3689
39.3804
39.3919
39.4034
39.4149
39.4264
39.4379
39.4494
39.4609
39.4724
39.4839
39.4954
39.5069
39.5184
39.5299
39.5414
39.5529
39.5644
39.5759
39.5874
39.5989
39.6104
39.6219
39.6334
39.6449
39.6564
39.6679
39.6794
39.6909
39.7024
39.7139
39.7254
39.7369
39.7484
39.7599
39.7714
39.7829
39.7944
39.8059
39.8174
39.8289
39.8404
39.8519
39.8634
39.8749
39.8864
39.8979
39.9094
39.9209
39.9324
39.9439
39.9554
39.9669
39.9784
39.9899
40.0014
40.0129
40.0244
40.0359
40.0474
40.0589
40.0704
40.082
40.0935
40.105
40.1165
40.128
40.1395
40.151
40.1625
40.174
40.1855
40.197
40.2085
40.22
40.2315
40.243
40.2545
40.266
40.2775
40.289
40.3005
40.312
40.3235
40.335
40.3465
40.358
40.3695
40.381
40.3925
40.404
40.4155
40.427
40.4385
40.45
40.4615
40.473
40.4845
40.496
40.5075
40.519
40.5305
40.542
40.5535
40.565
40.5765
40.588
40.5995
40.611
40.6225
40.634
40.6455
40.657
40.6685
40.68
40.6915
40.703
40.7145
40.726
40.7375
40.749
40.7605
40.772
40.7835
40.795
40.8065
40.818
40.8295
40.841
40.8525
40.864
40.8755
40.887
40.8985
40.91
40.9215
40.933
40.9445
40.956
40.9675
40.979
40.9906
41.0021
41.0136
41.0251
41.0366
41.0481
41.0596
41.0711
41.0826
41.0941
41.1056
41.1171
41.1286
41.1401
41.1516
41.1631
41.1746
41.1861
41.1976
41.2091
41.2206
41.2321
41.2436
41.2551
41.2666
41.2781
41.2896
41.3011
41.3126
41.3241
41.3356
41.3471
41.3586
41.3701
41.3816
41.3931
41.4046
41.4161
41.4276
41.4391
41.4506
41.4621
41.4736
41.4851
41.4966
41.5081
41.5196
41.5311
41.5426
41.5541
41.5656
41.5771
41.5886
41.6001
41.6116
41.6231
41.6346
41.6461
41.6576
41.6691
41.6806
41.6921
41.7036
41.7151
41.7266
41.7381
41.7496
41.7611
41.7726
41.7841
41.7956
41.8071
41.8186
41.8301
41.8416
41.8531
41.8647
41.8762
41.8877
41.8992
41.9107
41.9222
41.9337
41.9452
41.9567
41.9682
41.9797
41.9912
42.0027
42.0142
42.0257
42.0372
42.0487
42.0602
42.0717
42.0832
42.0947
42.1062
42.1177
42.1292
42.1407
42.1522
42.1637
42.1752
42.1867
42.1982
42.2097
42.2212
42.2327
42.2442
42.2557
42.2672
42.2787
42.2902
42.3017
42.3132
42.3247
42.3362
42.3477
42.3592
42.3707
42.3822
42.3937
42.4052
42.4167
42.4282
42.4397
42.4512
42.4627
42.4742
42.4857
42.4972
42.5087
42.5202
42.5317
42.5432
42.5547
42.5662
42.5777
42.5892
42.6007
42.6122
42.6237
42.6352
42.6467
42.6582
42.6697
42.6812
42.6927
42.7042
42.7157
42.7272
42.7387
42.7502
42.7617
42.7733
42.7848
42.7963
42.8078
42.8193
42.8308
42.8423
42.8538
42.8653
42.8768
42.8883
42.8998
42.9113
42.9228
42.9343
42.9458
42.9573
42.9688
42.9803
42.9918
43.0033
43.0148
43.0263
43.0378
43.0493
43.0608
43.0723
43.0838
43.0953
43.1068
43.1183
43.1298
43.1413
43.1528
43.1643
43.1758
43.1873
43.1988
43.2103
43.2218
43.2333
43.2448
43.2563
43.2678
43.2793
43.2908
43.3023
43.3138
43.3253
43.3368
43.3483
43.3598
43.3713
43.3828
43.3943
43.4058
43.4173
43.4288
43.4403
43.4518
43.4633
43.4748
43.4863
43.4978
43.5093
43.5208
43.5323
43.5438
43.5553
43.5668
43.5783
43.5898
43.6013
43.6128
43.6243
43.6358
43.6473
43.6588
43.6703
43.6819
43.6934
43.7049
43.7164
43.7279
43.7394
43.7509
43.7624
43.7739
43.7854
43.7969
43.8084
43.8199
43.8314
43.8429
43.8544
43.8659
43.8774
43.8889
43.9004
43.9119
43.9234
43.9349
43.9464
43.9579
43.9694
43.9809
43.9924
44.0039
44.0154
44.0269
44.0384
44.0499
44.0614
44.0729
44.0844
44.0959
44.1074
44.1189
44.1304
44.1419
44.1534
44.1649
44.1764
44.1879
44.1994
44.2109
44.2224
44.2339
44.2454
44.2569
44.2684
44.2799
44.2914
44.3029
44.3144
44.3259
44.3374
44.3489
44.3604
44.3719
44.3834
44.3949
44.4064
44.4179
44.4294
44.4409
44.4524
44.4639
44.4754
44.4869
44.4984
44.5099
44.5214
44.5329
44.5444
44.5559
44.5674
44.5789
44.5905
44.602
44.6135
44.625
44.6365
44.648
44.6595
44.671
44.6825
44.694
44.7055
44.717
44.7285
44.74
44.7515
44.763
44.7745
44.786
44.7975
44.809
44.8205
44.832
44.8435
44.855
44.8665
44.878
44.8895
44.901
44.9125
44.924
44.9355
44.947
44.9585
44.97
44.9815
44.993
45.0045
45.016
45.0275
45.039
45.0505
45.062
45.0735
45.085
45.0965
45.108
45.1195
45.131
45.1425
45.154
45.1655
45.177
45.1885
45.2
45.2115
45.223
45.2345
45.246
45.2575
45.269
45.2805
45.292
45.3035
45.315
45.3265
45.338
45.3495
45.361
45.3725
45.384
45.3955
45.407
45.4185
45.43
45.4415
45.453
45.4646
45.4761
45.4876
45.4991
45.5106
45.5221
45.5336
45.5451
45.5566
45.5681
45.5796
45.5911
45.6026
45.6141
45.6256
45.6371
45.6486
45.6601
45.6716
45.6831
45.6946
45.7061
45.7176
45.7291
45.7406
45.7521
45.7636
45.7751
45.7866
45.7981
45.8096
45.8211
45.8326
45.8441
45.8556
45.8671
45.8786
45.8901
45.9016
45.9131
45.9246
45.9361
45.9476
45.9591
45.9706
45.9821
45.9936
46.0051
46.0166
46.0281
46.0396
46.0511
46.0626
46.0741
46.0856
46.0971
46.1086
46.1201
46.1316
46.1431
46.1546
46.1661
46.1776
46.1891
46.2006
46.2121
46.2236
46.2351
46.2466
46.2581
46.2696
46.2811
46.2926
46.3041
46.3156
46.3271
46.3386
46.3501
46.3616
46.3731
46.3847
46.3962
46.4077
46.4192
46.4307
46.4422
46.4537
46.4652
46.4767
46.4882
46.4997
46.5112
46.5227
46.5342
46.5457
46.5572
46.5687
46.5802
46.5917
46.6032
46.6147
46.6262
46.6377
46.6492
46.6607
46.6722
46.6837
46.6952
46.7067
46.7182
46.7297
46.7412
46.7527
46.7642
46.7757
46.7872
46.7987
46.8102
46.8217
46.8332
46.8447
46.8562
46.8677
46.8792
46.8907
46.9022
46.9137
46.9252
46.9367
46.9482
46.9597
46.9712
46.9827
46.9942
47.0057
47.0172
47.0287
47.0402
47.0517
47.0632
47.0747
47.0862
47.0977
47.1092
47.1207
47.1322
47.1437
47.1552
47.1667
47.1782
47.1897
47.2012
47.2127
47.2242
47.2357
47.2472
47.2587
47.2702
47.2817
47.2933
47.3048
47.3163
47.3278
47.3393
47.3508
47.3623
47.3738
47.3853
47.3968
47.4083
47.4198
47.4313
47.4428
47.4543
47.4658
47.4773
47.4888
47.5003
47.5118
47.5233
47.5348
47.5463
47.5578
47.5693
47.5808
47.5923
47.6038
47.6153
47.6268
47.6383
47.6498
47.6613
47.6728
47.6843
47.6958
47.7073
47.7188
47.7303
47.7418
47.7533
47.7648
47.7763
47.7878
47.7993
47.8108
47.8223
47.8338
47.8453
47.8568
47.8683
47.8798
47.8913
47.9028
47.9143
47.9258
47.9373
47.9488
47.9603
47.9718
47.9833
47.9948
48.0063
48.0178
48.0293
48.0408
48.0523
48.0638
48.0753
48.0868
48.0983
48.1098
48.1213
48.1328
48.1443
48.1558
48.1674
48.1789
48.1904
48.2019
48.2134
48.2249
48.2364
48.2479
48.2594
48.2709
48.2824
48.2939
48.3054
48.3169
48.3284
48.3399
48.3514
48.3629
48.3744
48.3859
48.3974
48.4089
48.4204
48.4319
48.4434
48.4549
48.4664
48.4779
48.4894
48.5009
48.5124
48.5239
48.5354
48.5469
48.5584
48.5699
48.5814
48.5929
48.6044
48.6159
48.6274
48.6389
48.6504
48.6619
48.6734
48.6849
48.6964
48.7079
48.7194
48.7309
48.7424
48.7539
48.7654
48.7769
48.7884
48.7999
48.8114
48.8229
48.8344
48.8459
48.8574
48.8689
48.8804
48.8919
48.9034
48.9149
48.9264
48.9379
48.9494
48.9609
48.9724
48.9839
48.9954
49.0069
49.0184
49.0299
49.0414
49.0529
49.0644
49.076
49.0875
49.099
49.1105
49.122
49.1335
49.145
49.1565
49.168
49.1795
49.191
49.2025
49.214
49.2255
49.237
49.2485
49.26
49.2715
49.283
49.2945
49.306
49.3175
49.329
49.3405
49.352
49.3635
49.375
49.3865
49.398
49.4095
49.421
49.4325
49.444
49.4555
49.467
49.4785
49.49
49.5015
49.513
49.5245
49.536
49.5475
49.559
49.5705
49.582
49.5935
49.605
49.6165
49.628
49.6395
49.651
49.6625
49.674
49.6855
49.697
49.7085
49.72
49.7315
49.743
49.7545
49.766
49.7775
49.789
49.8005
49.812
49.8235
49.835
49.8465
49.858
49.8695
49.881
49.8925
49.904
49.9155
49.927
49.9385
49.95
49.9615
49.973
49.9846
49.9961
50.0076
50.0191
50.0306
50.0421
50.0536
50.0651
50.0766
50.0881
50.0996
50.1111
50.1226
50.1341
50.1456
50.1571
50.1686
50.1801
50.1916
50.2031
50.2146
50.2261
50.2376
50.2491
50.2606
50.2721
50.2836
50.2951
50.3066
50.3181
50.3296
50.3411
50.3526
50.3641
50.3756
50.3871
50.3986
50.4101
50.4216
50.4331
50.4446
50.4561
50.4676
50.4791
50.4906
50.5021
50.5136
50.5251
50.5366
50.5481
50.5596
50.5711
50.5826
50.5941
50.6056
50.6171
50.6286
50.6401
50.6516
50.6631
50.6746
50.6861
50.6976
50.7091
50.7206
50.7321
50.7436
50.7551
50.7666
50.7781
50.7896
50.8011
50.8126
50.8241
50.8356
50.8471
50.8586
50.8701
50.8816
50.8932
50.9047
50.9162
50.9277
50.9392
50.9507
50.9622
50.9737
50.9852
50.9967
51.0082
51.0197
51.0312
51.0427
51.0542
51.0657
51.0772
51.0887
51.1002
51.1117
51.1232
51.1347
51.1462
51.1577
51.1692
51.1807
51.1922
51.2037
51.2152
51.2267
51.2382
51.2497
51.2612
51.2727
51.2842
51.2957
51.3072
51.3187
51.3302
51.3417
51.3532
51.3647
51.3762
51.3877
51.3992
51.4107
51.4222
51.4337
51.4452
51.4567
51.4682
51.4797
51.4912
51.5027
51.5142
51.5257
51.5372
51.5487
51.5602
51.5717
51.5832
51.5947
51.6062
51.6177
51.6292
51.6407
51.6522
51.6637
51.6752
51.6867
51.6982
51.7097
51.7212
51.7327
51.7442
51.7557
51.7673
51.7788
51.7903
51.8018
51.8133
51.8248
51.8363
51.8478
51.8593
51.8708
51.8823
51.8938
51.9053
51.9168
51.9283
51.9398
51.9513
51.9628
51.9743
51.9858
51.9973
52.0088
52.0203
52.0318
52.0433
52.0548
52.0663
52.0778
52.0893
52.1008
52.1123
52.1238
52.1353
52.1468
52.1583
52.1698
52.1813
52.1928
52.2043
52.2158
52.2273
52.2388
52.2503
52.2618
52.2733
52.2848
52.2963
52.3078
52.3193
52.3308
52.3423
52.3538
52.3653
52.3768
52.3883
52.3998
52.4113
52.4228
52.4343
52.4458
52.4573
52.4688
52.4803
52.4918
52.5033
52.5148
52.5263
52.5378
52.5493
52.5608
52.5723
52.5838
52.5953
52.6068
52.6183
52.6298
52.6413
52.6528
52.6643
52.6758
52.6874
52.6989
52.7104
52.7219
52.7334
52.7449
52.7564
52.7679
52.7794
52.7909
52.8024
52.8139
52.8254
52.8369
52.8484
52.8599
52.8714
52.8829
52.8944
52.9059
52.9174
52.9289
52.9404
52.9519
52.9634
52.9749
52.9864
52.9979
53.0094
53.0209
53.0324
53.0439
53.0554
53.0669
53.0784
53.0899
53.1014
53.1129
53.1244
53.1359
53.1474
53.1589
53.1704
53.1819
53.1934
53.2049
53.2164
53.2279
53.2394
53.2509
53.2624
53.2739
53.2854
53.2969
53.3084
53.3199
53.3314
53.3429
53.3544
53.3659
53.3774
53.3889
53.4004
53.4119
53.4234
53.4349
53.4464
53.4579
53.4694
53.4809
53.4924
53.5039
53.5154
53.5269
53.5384
53.5499
53.5614
53.5729
53.5844
53.596
53.6075
53.619
53.6305
53.642
53.6535
53.665
53.6765
53.688
53.6995
53.711
53.7225
53.734
53.7455
53.757
53.7685
53.78
53.7915
53.803
53.8145
53.826
53.8375
53.849
53.8605
53.872
53.8835
53.895
53.9065
53.918
53.9295
53.941
53.9525
53.964
53.9755
53.987
53.9985
54.01
54.0215
54.033
54.0445
54.056
54.0675
54.079
54.0905
54.102
54.1135
54.125
54.1365
54.148
54.1595
54.171
54.1825
54.194
54.2055
54.217
54.2285
54.24
54.2515
54.263
54.2745
54.286
54.2975
54.309
54.3205
54.332
54.3435
54.355
54.3665
54.378
54.3895
54.401
54.4125
54.424
54.4355
54.447
54.4585
54.47
54.4815
54.493
54.5046
54.5161
54.5276
54.5391
54.5506
54.5621
54.5736
54.5851
54.5966
54.6081
54.6196
54.6311
54.6426
54.6541
54.6656
54.6771
54.6886
54.7001
54.7116
54.7231
54.7346
54.7461
54.7576
54.7691
54.7806
54.7921
54.8036
54.8151
54.8266
54.8381
54.8496
54.8611
54.8726
54.8841
54.8956
54.9071
54.9186
54.9301
54.9416
54.9531
54.9646
54.9761
54.9876
54.9991
55.0106
55.0221
55.0336
55.0451
55.0566
55.0681
55.0796
55.0911
55.1026
55.1141
55.1256
55.1371
55.1486
55.1601
55.1716
55.1831
55.1946
55.2061
55.2176
55.2291
55.2406
55.2521
55.2636
55.2751
55.2866
55.2981
55.3096
55.3211
55.3326
55.3441
55.3556
55.3671
55.3787
55.3902
55.4017
55.4132
55.4247
55.4362
55.4477
55.4592
55.4707
55.4822
55.4937
55.5052
55.5167
55.5282
55.5397
55.5512
55.5627
55.5742
55.5857
55.5972
55.6087
55.6202
55.6317
55.6432
55.6547
55.6662
55.6777
55.6892
55.7007
55.7122
55.7237
55.7352
55.7467
55.7582
55.7697
55.7812
55.7927
55.8042
55.8157
55.8272
55.8387
55.8502
55.8617
55.8732
55.8847
55.8962
55.9077
55.9192
55.9307
55.9422
55.9537
55.9652
55.9767
55.9882
55.9997
56.0112
56.0227
56.0342
56.0457
56.0572
56.0687
56.0802
56.0917
56.1032
56.1147
56.1262
56.1377
56.1492
56.1607
56.1722
56.1837
56.1952
56.2067
56.2182
56.2297
56.2412
56.2527
56.2642
56.2757
56.2873
56.2988
56.3103
56.3218
56.3333
56.3448
56.3563
56.3678
56.3793
56.3908
56.4023
56.4138
56.4253
56.4368
56.4483
56.4598
56.4713
56.4828
56.4943
56.5058
56.5173
56.5288
56.5403
56.5518
56.5633
56.5748
56.5863
56.5978
56.6093
56.6208
56.6323
56.6438
56.6553
56.6668
56.6783
56.6898
56.7013
56.7128
56.7243
56.7358
56.7473
56.7588
56.7703
56.7818
56.7933
56.8048
56.8163
56.8278
56.8393
56.8508
56.8623
56.8738
56.8853
56.8968
56.9083
56.9198
56.9313
56.9428
56.9543
56.9658
56.9773
56.9888
57.0003
57.0118
57.0233
57.0348
57.0463
57.0578
57.0693
57.0808
57.0923
57.1038
57.1153
57.1268
57.1383
57.1498
57.1613
57.1728
57.1843
57.1959
57.2074
57.2189
57.2304
57.2419
57.2534
57.2649
57.2764
57.2879
57.2994
57.3109
57.3224
57.3339
57.3454
57.3569
57.3684
57.3799
57.3914
57.4029
57.4144
57.4259
57.4374
57.4489
57.4604
57.4719
57.4834
57.4949
57.5064
57.5179
57.5294
57.5409
57.5524
57.5639
57.5754
57.5869
57.5984
57.6099
57.6214
57.6329
57.6444
57.6559
57.6674
57.6789
57.6904
57.7019
57.7134
57.7249
57.7364
57.7479
57.7594
57.7709
57.7824
57.7939
57.8054
57.8169
57.8284
57.8399
57.8514
57.8629
57.8744
57.8859
57.8974
57.9089
57.9204
57.9319
57.9434
57.9549
57.9664
57.9779
57.9894
58.0009
58.0124
58.0239
58.0354
58.0469
58.0584
58.07
58.0815
58.093
58.1045
58.116
58.1275
58.139
58.1505
58.162
58.1735
58.185
58.1965
58.208
58.2195
58.231
58.2425
58.254
58.2655
58.277
58.2885
58.3
58.3115
58.323
58.3345
58.346
58.3575
58.369
58.3805
58.392
58.4035
58.415
58.4265
58.438
58.4495
58.461
58.4725
58.484
58.4955
58.507
58.5185
58.53
58.5415
58.553
58.5645
58.576
58.5875
58.599
58.6105
58.622
58.6335
58.645
58.6565
58.668
58.6795
58.691
58.7025
58.714
58.7255
58.737
58.7485
58.76
58.7715
58.783
58.7945
58.806
58.8175
58.829
58.8405
58.852
58.8635
58.875
58.8865
58.898
58.9095
58.921
58.9325
58.944
58.9555
58.967
58.9785
58.9901
59.0016
59.0131
59.0246
59.0361
59.0476
59.0591
59.0706
59.0821
59.0936
59.1051
59.1166
59.1281
59.1396
59.1511
59.1626
59.1741
59.1856
59.1971
59.2086
59.2201
59.2316
59.2431
59.2546
59.2661
59.2776
59.2891
59.3006
59.3121
59.3236
59.3351
59.3466
59.3581
59.3696
59.3811
59.3926
59.4041
59.4156
59.4271
59.4386
59.4501
59.4616
59.4731
59.4846
59.4961
59.5076
59.5191
59.5306
59.5421
59.5536
59.5651
59.5766
59.5881
59.5996
59.6111
59.6226
59.6341
59.6456
59.6571
59.6686
59.6801
59.6916
59.7031
59.7146
59.7261
59.7376
59.7491
59.7606
59.7721
59.7836
59.7951
59.8066
59.8181
59.8296
59.8411
59.8526
59.8641
59.8756
59.8871
59.8987
59.9102
59.9217
59.9332
59.9447
59.9562
59.9677
59.9792
59.9907
60.0022
60.0137
60.0252
60.0367
60.0482
60.0597
60.0712
60.0827
60.0942
60.1057
60.1172
60.1287
60.1402
60.1517
60.1632
60.1747
60.1862
60.1977
60.2092
60.2207
60.2322
60.2437
60.2552
60.2667
60.2782
60.2897
60.3012
60.3127
60.3242
60.3357
60.3472
60.3587
60.3702
60.3817
60.3932
60.4047
60.4162
60.4277
60.4392
60.4507
60.4622
60.4737
60.4852
60.4967
60.5082
60.5197
60.5312
60.5427
60.5542
60.5657
60.5772
60.5887
60.6002
60.6117
60.6232
60.6347
60.6462
60.6577
60.6692
60.6807
60.6922
60.7037
60.7152
60.7267
60.7382
60.7497
60.7612
60.7727
60.7842
60.7957
60.8073
60.8188
60.8303
60.8418
60.8533
60.8648
60.8763
60.8878
60.8993
60.9108
60.9223
60.9338
60.9453
60.9568
60.9683
60.9798
60.9913
61.0028
61.0143
61.0258
61.0373
61.0488
61.0603
61.0718
61.0833
61.0948
61.1063
61.1178
61.1293
61.1408
61.1523
61.1638
61.1753
61.1868
61.1983
61.2098
61.2213
61.2328
61.2443
61.2558
61.2673
61.2788
61.2903
61.3018
61.3133
61.3248
61.3363
61.3478
61.3593
61.3708
61.3823
61.3938
61.4053
61.4168
61.4283
61.4398
61.4513
61.4628
61.4743
61.4858
61.4973
61.5088
61.5203
61.5318
61.5433
61.5548
61.5663
61.5778
61.5893
61.6008
61.6123
61.6238
61.6353
61.6468
61.6583
61.6698
61.6814
61.6929
61.7044
61.7159
61.7274
61.7389
61.7504
61.7619
61.7734
61.7849
61.7964
61.8079
61.8194
61.8309
61.8424
61.8539
61.8654
61.8769
61.8884
61.8999
61.9114
61.9229
61.9344
61.9459
61.9574
61.9689
61.9804
61.9919
62.0034
62.0149
62.0264
62.0379
62.0494
62.0609
62.0724
62.0839
62.0954
62.1069
62.1184
62.1299
62.1414
62.1529
62.1644
62.1759
62.1874
62.1989
62.2104
62.2219
62.2334
62.2449
62.2564
62.2679
62.2794
62.2909
62.3024
62.3139
62.3254
62.3369
62.3484
62.3599
62.3714
62.3829
62.3944
62.4059
62.4174
62.4289
62.4404
62.4519
62.4634
62.4749
62.4864
62.4979
62.5094
62.5209
62.5324
62.5439
62.5554
62.5669
62.5784
62.59
62.6015
62.613
62.6245
62.636
62.6475
62.659
62.6705
62.682
62.6935
62.705
62.7165
62.728
62.7395
62.751
62.7625
62.774
62.7855
62.797
62.8085
62.82
62.8315
62.843
62.8545
62.866
62.8775
62.889
62.9005
62.912
62.9235
62.935
62.9465
62.958
62.9695
62.981
62.9925
63.004
63.0155
63.027
63.0385
63.05
63.0615
63.073
63.0845
63.096
63.1075
63.119
63.1305
63.142
63.1535
63.165
63.1765
63.188
63.1995
63.211
63.2225
63.234
63.2455
63.257
63.2685
63.28
63.2915
63.303
63.3145
63.326
63.3375
63.349
63.3605
63.372
63.3835
63.395
63.4065
63.418
63.4295
63.441
63.4525
63.464
63.4755
63.487
63.4986
63.5101
63.5216
63.5331
63.5446
63.5561
63.5676
63.5791
63.5906
63.6021
63.6136
63.6251
63.6366
63.6481
63.6596
63.6711
63.6826
63.6941
63.7056
63.7171
63.7286
63.7401
63.7516
63.7631
63.7746
63.7861
63.7976
63.8091
63.8206
63.8321
63.8436
63.8551
63.8666
63.8781
63.8896
63.9011
63.9126
63.9241
63.9356
63.9471
63.9586
63.9701
63.9816
63.9931
64.0046
64.0161
64.0276
64.0391
64.0506
64.0621
64.0736
64.0851
64.0966
64.1081
64.1196
64.1311
64.1426
64.1541
64.1656
64.1771
64.1886
64.2001
64.2116
64.2231
64.2346
64.2461
64.2576
64.2691
64.2806
64.2921
64.3036
64.3151
64.3266
64.3381
64.3496
64.3611
64.3727
64.3841
64.3957
64.4072
64.4187
64.4302
64.4417
64.4532
64.4647
64.4762
64.4877
64.4992
64.5107
64.5222
64.5337
64.5452
64.5567
64.5682
64.5797
64.5912
64.6027
64.6142
64.6257
64.6372
64.6487
64.6602
64.6717
64.6832
64.6947
64.7062
64.7177
64.7292
64.7407
64.7522
64.7637
64.7752
64.7867
64.7982
64.8097
64.8212
64.8327
64.8442
64.8557
64.8672
64.8787
64.8902
64.9017
64.9132
64.9247
64.9362
64.9477
64.9592
64.9707
64.9822
64.9937
65.0052
65.0167
65.0282
65.0397
65.0512
65.0627
65.0742
65.0857
65.0972
65.1087
65.1202
65.1317
65.1432
65.1547
65.1662
65.1777
65.1892
65.2007
65.2122
65.2237
65.2352
65.2467
65.2582
65.2697
65.2812
65.2927
65.3043
65.3158
65.3273
65.3388
65.3503
65.3618
65.3733
65.3848
65.3963
65.4078
65.4193
65.4308
65.4423
65.4538
65.4653
65.4768
65.4883
65.4998
65.5113
65.5228
65.5343
65.5458
65.5573
65.5688
65.5803
65.5918
65.6033
65.6148
65.6263
65.6378
65.6493
65.6608
65.6723
65.6838
65.6953
65.7068
65.7183
65.7298
65.7413
65.7528
65.7643
65.7758
65.7873
65.7988
65.8103
65.8218
65.8333
65.8448
65.8563
65.8678
65.8793
65.8908
65.9023
65.9138
65.9253
65.9368
65.9483
65.9598
65.9713
65.9828
65.9943
66.0058
66.0173
66.0288
66.0403
66.0518
66.0633
66.0748
66.0863
66.0978
66.1093
66.1208
66.1323
66.1438
66.1553
66.1668
66.1784
66.1898
66.2014
66.2129
66.2244
66.2359
66.2474
66.2589
66.2704
66.2819
66.2934
66.3049
66.3164
66.3279
66.3394
66.3509
66.3624
66.3739
66.3854
66.3969
66.4084
66.4199
66.4314
66.4429
66.4544
66.4659
66.4774
66.4889
66.5004
66.5119
66.5234
66.5349
66.5464
66.5579
66.5694
66.5809
66.5924
66.6039
66.6154
66.6269
66.6384
66.6499
66.6614
66.6729
66.6844
66.6959
66.7074
66.7189
66.7304
66.7419
66.7534
66.7649
66.7764
66.7879
66.7994
66.8109
66.8224
66.8339
66.8454
66.8569
66.8684
66.8799
66.8914
66.9029
66.9144
66.9259
66.9374
66.9489
66.9604
66.9719
66.9834
66.9949
67.0064
67.0179
67.0294
67.0409
67.0524
67.0639
67.0754
67.087
67.0984
67.11
67.1215
67.133
67.1445
67.156
67.1675
67.179
67.1905
67.202
67.2135
67.225
67.2365
67.248
67.2595
67.271
67.2825
67.294
67.3055
67.317
67.3285
67.34
67.3515
67.363
67.3745
67.386
67.3975
67.409
67.4205
67.432
67.4435
67.455
67.4665
67.478
67.4895
67.501
67.5125
67.524
67.5355
67.547
67.5585
67.57
67.5815
67.593
67.6045
67.616
67.6275
67.639
67.6505
67.662
67.6735
67.685
67.6965
67.708
67.7195
67.731
67.7425
67.754
67.7655
67.777
67.7885
67.8
67.8115
67.823
67.8345
67.846
67.8575
67.869
67.8805
67.892
67.9035
67.915
67.9265
67.938
67.9495
67.961
67.9725
67.984
67.9956
68.007
68.0186
68.0301
68.0416
68.0531
68.0646
68.0761
68.0876
68.0991
68.1106
68.1221
68.1336
68.1451
68.1566
68.1681
68.1796
68.1911
68.2026
68.2141
68.2256
68.2371
68.2486
68.2601
68.2716
68.2831
68.2946
68.3061
68.3176
68.3291
68.3406
68.3521
68.3636
68.3751
68.3866
68.3981
68.4096
68.4211
68.4326
68.4441
68.4556
68.4671
68.4786
68.4901
68.5016
68.5131
68.5246
68.5361
68.5476
68.5591
68.5706
68.5821
68.5936
68.6051
68.6166
68.6281
68.6396
68.6511
68.6626
68.6741
68.6856
68.6971
68.7086
68.7201
68.7316
68.7431
68.7546
68.7661
68.7776
68.7891
68.8006
68.8121
68.8236
68.8351
68.8466
68.8581
68.8696
68.8811
68.8926
68.9042
68.9156
68.9272
68.9387
68.9502
68.9617
68.9732
68.9847
68.9962
69.0077
69.0192
69.0307
69.0422
69.0537
69.0652
69.0767
69.0882
69.0997
69.1112
69.1227
69.1342
69.1457
69.1572
69.1687
69.1802
69.1917
69.2032
69.2147
69.2262
69.2377
69.2492
69.2607
69.2722
69.2837
69.2952
69.3067
69.3182
69.3297
69.3412
69.3527
69.3642
69.3757
69.3872
69.3987
69.4102
69.4217
69.4332
69.4447
69.4562
69.4677
69.4792
69.4907
69.5022
69.5137
69.5252
69.5367
69.5482
69.5597
69.5712
69.5827
69.5942
69.6057
69.6172
69.6287
69.6402
69.6517
69.6632
69.6747
69.6862
69.6977
69.7092
69.7207
69.7322
69.7437
69.7552
69.7667
69.7783
69.7897
69.8013
69.8128
69.8243
69.8358
69.8473
69.8588
69.8703
69.8818
69.8933
69.9048
69.9163
69.9278
69.9393
69.9508
69.9623
69.9738
69.9853
69.9968
70.0083
70.0198
70.0313
70.0428
70.0543
70.0658
70.0773
70.0888
70.1003
70.1118
70.1233
70.1348
70.1463
70.1578
70.1693
70.1808
70.1923
70.2038
70.2153
70.2268
70.2383
70.2498
70.2613
70.2728
70.2843
70.2958
70.3073
70.3188
70.3303
70.3418
70.3533
70.3648
70.3763
70.3878
70.3993
70.4108
70.4223
70.4338
70.4453
70.4568
70.4683
70.4798
70.4913
70.5028
70.5143
70.5258
70.5373
70.5488
70.5603
70.5718
70.5833
70.5948
70.6063
70.6178
70.6293
70.6408
70.6523
70.6638
70.6753
70.6869
70.6983
70.7099
70.7214
70.7329
70.7444
70.7559
70.7674
70.7789
70.7904
70.8019
70.8134
70.8249
70.8364
70.8479
70.8594
70.8709
70.8824
70.8939
70.9054
70.9169
70.9284
70.9399
70.9514
70.9629
70.9744
70.9859
70.9974
71.0089
71.0204
71.0319
71.0434
71.0549
71.0664
71.0779
71.0894
71.1009
71.1124
71.1239
71.1354
71.1469
71.1584
71.1699
71.1814
71.1929
71.2044
71.2159
71.2274
71.2389
71.2504
71.2619
71.2734
71.2849
71.2964
71.3079
71.3194
71.3309
71.3424
71.3539
71.3654
71.3769
71.3884
71.3999
71.4114
71.4229
71.4344
71.4459
71.4574
71.4689
71.4804
71.4919
71.5034
71.5149
71.5264
71.5379
71.5494
71.5609
71.5724
71.5839
71.5955
71.6069
71.6185
71.63
71.6415
71.653
71.6645
71.676
71.6875
71.699
71.7105
71.722
71.7335
71.745
71.7565
71.768
71.7795
71.791
71.8025
71.814
71.8255
71.837
71.8485
71.86
71.8715
71.883
71.8945
71.906
71.9175
71.929
71.9405
71.952
71.9635
71.975
71.9865
71.998
72.0095
72.021
72.0325
72.044
72.0555
72.067
72.0785
72.09
72.1015
72.113
72.1245
72.136
72.1475
72.159
72.1705
72.182
72.1935
72.205
72.2165
72.228
72.2395
72.251
72.2625
72.274
72.2855
72.297
72.3085
72.32
72.3315
72.343
72.3545
72.366
72.3775
72.389
72.4005
72.412
72.4235
72.435
72.4465
72.458
72.4696
72.481
72.4926
72.5041
72.5156
72.5271
72.5386
72.5501
72.5616
72.5731
72.5846
72.5961
72.6076
72.6191
72.6306
72.6421
72.6536
72.6651
72.6766
72.6881
72.6996
72.7111
72.7226
72.7341
72.7456
72.7571
72.7686
72.7801
72.7916
72.8031
72.8146
72.8261
72.8376
72.8491
72.8606
72.8721
72.8836
72.8951
72.9066
72.9181
72.9296
72.9411
72.9526
72.9641
72.9756
72.9871
72.9986
73.0101
73.0216
73.0331
73.0446
73.0561
73.0676
73.0791
73.0906
73.1021
73.1136
73.1251
73.1366
73.1481
73.1596
73.1711
73.1826
73.1941
73.2056
73.2171
73.2286
73.2401
73.2516
73.2631
73.2746
73.2861
73.2976
73.3091
73.3206
73.3321
73.3436
73.3551
73.3666
73.3782
73.3896
73.4012
73.4127
73.4242
73.4357
73.4472
73.4587
73.4702
73.4817
73.4932
73.5047
73.5162
73.5277
73.5392
73.5507
73.5622
73.5737
73.5852
73.5967
73.6082
73.6197
73.6312
73.6427
73.6542
73.6657
73.6772
73.6887
73.7002
73.7117
73.7232
73.7347
73.7462
73.7577
73.7692
73.7807
73.7922
73.8037
73.8152
73.8267
73.8382
73.8497
73.8612
73.8727
73.8842
73.8957
73.9072
73.9187
73.9302
73.9417
73.9532
73.9647
73.9762
73.9877
73.9992
74.0107
74.0222
74.0337
74.0452
74.0567
74.0682
74.0797
74.0912
74.1027
74.1142
74.1257
74.1372
74.1487
74.1602
74.1717
74.1832
74.1947
74.2062
74.2177
74.2292
74.2407
74.2522
74.2637
74.2752
74.2868
74.2982
74.3098
74.3213
74.3328
74.3443
74.3558
74.3673
74.3788
74.3903
74.4018
74.4133
74.4248
74.4363
74.4478
74.4593
74.4708
74.4823
74.4938
74.5053
74.5168
74.5283
74.5398
74.5513
74.5628
74.5743
74.5858
74.5973
74.6088
74.6203
74.6318
74.6433
74.6548
74.6663
74.6778
74.6893
74.7008
74.7123
74.7238
74.7353
74.7468
74.7583
74.7698
74.7813
74.7928
74.8043
74.8158
74.8273
74.8388
74.8503
74.8618
74.8733
74.8848
74.8963
74.9078
74.9193
74.9308
74.9423
74.9538
74.9653
74.9768
74.9883
74.9998
75.0113
75.0228
75.0343
75.0458
75.0573
75.0688
75.0803
75.0918
75.1033
75.1148
75.1263
75.1378
75.1493
75.1608
75.1723
75.1838
75.1954
75.2068
75.2184
75.2299
75.2414
75.2529
75.2644
75.2759
75.2874
75.2989
75.3104
75.3219
75.3334
75.3449
75.3564
75.3679
75.3794
75.3909
75.4024
75.4139
75.4254
75.4369
75.4484
75.4599
75.4714
75.4829
75.4944
75.5059
75.5174
75.5289
75.5404
75.5519
75.5634
75.5749
75.5864
75.5979
75.6094
75.6209
75.6324
75.6439
75.6554
75.6669
75.6784
75.6899
75.7014
75.7129
75.7244
75.7359
75.7474
75.7589
75.7704
75.7819
75.7934
75.8049
75.8164
75.8279
75.8394
75.8509
75.8624
75.8739
75.8854
75.8969
75.9084
75.9199
75.9314
75.9429
75.9544
75.9659
75.9774
75.9889
76.0004
76.0119
76.0234
76.0349
76.0464
76.0579
76.0695
76.0809
76.0925
76.104
76.1155
76.127
76.1385
76.15
76.1615
76.173
76.1845
76.196
76.2075
76.219
76.2305
76.242
76.2535
76.265
76.2765
76.288
76.2995
76.311
76.3225
76.334
76.3455
76.357
76.3685
76.38
76.3915
76.403
76.4145
76.426
76.4375
76.449
76.4605
76.472
76.4835
76.495
76.5065
76.518
76.5295
76.541
76.5525
76.564
76.5755
76.587
76.5985
76.61
76.6215
76.633
76.6445
76.656
76.6675
76.679
76.6905
76.702
76.7135
76.725
76.7365
76.748
76.7595
76.771
76.7825
76.794
76.8055
76.817
76.8285
76.84
76.8515
76.863
76.8745
76.886
76.8975
76.909
76.9205
76.932
76.9435
76.955
76.9665
76.9781
76.9895
77.0011
77.0126
77.0241
77.0356
77.0471
77.0586
77.0701
77.0816
77.0931
77.1046
77.1161
77.1276
77.1391
77.1506
77.1621
77.1736
77.1851
77.1966
77.2081
77.2196
77.2311
77.2426
77.2541
77.2656
77.2771
77.2886
77.3001
77.3116
77.3231
77.3346
77.3461
77.3576
77.3691
77.3806
77.3921
77.4036
77.4151
77.4266
77.4381
77.4496
77.4611
77.4726
77.4841
77.4956
77.5071
77.5186
77.5301
77.5416
77.5531
77.5646
77.5761
77.5876
77.5991
77.6106
77.6221
77.6336
77.6451
77.6566
77.6681
77.6796
77.6911
77.7026
77.7141
77.7256
77.7371
77.7486
77.7601
77.7716
77.7831
77.7946
77.8061
77.8176
77.8291
77.8406
77.8521
77.8636
77.8751
77.8867
77.8981
77.9097
77.9212
77.9327
77.9442
77.9557
77.9672
77.9787
77.9902
78.0017
78.0132
78.0247
78.0362
78.0477
78.0592
78.0707
78.0822
78.0937
78.1052
78.1167
78.1282
78.1397
78.1512
78.1627
78.1742
78.1857
78.1972
78.2087
78.2202
78.2317
78.2432
78.2547
78.2662
78.2777
78.2892
78.3007
78.3122
78.3237
78.3352
78.3467
78.3582
78.3697
78.3812
78.3927
78.4042
78.4157
78.4272
78.4387
78.4502
78.4617
78.4732
78.4847
78.4962
78.5077
78.5192
78.5307
78.5422
78.5537
78.5652
78.5767
78.5882
78.5997
78.6112
78.6227
78.6342
78.6457
78.6572
78.6687
78.6802
78.6917
78.7032
78.7147
78.7262
78.7377
78.7492
78.7607
78.7722
78.7838
78.7952
78.8068
78.8183
78.8298
78.8413
78.8528
78.8643
78.8758
78.8873
78.8988
78.9103
78.9218
78.9333
78.9448
78.9563
78.9678
78.9793
78.9908
79.0023
79.0138
79.0253
79.0368
79.0483
79.0598
79.0713
79.0828
79.0943
79.1058
79.1173
79.1288
79.1403
79.1518
79.1633
79.1748
79.1863
79.1978
79.2093
79.2208
79.2323
79.2438
79.2553
79.2668
79.2783
79.2898
79.3013
79.3128
79.3243
79.3358
79.3473
79.3588
79.3703
79.3818
79.3933
79.4048
79.4163
79.4278
79.4393
79.4508
79.4623
79.4738
79.4853
79.4968
79.5083
79.5198
79.5313
79.5428
79.5543
79.5658
79.5773
79.5888
79.6003
79.6118
79.6233
79.6348
79.6463
79.6578
79.6693
79.6808
79.6924
79.7038
79.7154
79.7269
79.7384
79.7499
79.7614
79.7729
79.7844
79.7959
79.8074
79.8189
79.8304
79.8419
79.8534
79.8649
79.8764
79.8879
79.8994
79.9109
79.9224
79.9339
79.9454
79.9569
79.9684
79.9799
79.9914
80.0029
80.0144
80.0259
80.0374
80.0489
80.0604
80.0719
80.0834
80.0949
80.1064
80.1179
80.1294
80.1409
80.1524
80.1639
80.1754
80.1869
80.1984
80.2099
80.2214
80.2329
80.2444
80.2559
80.2674
80.2789
80.2904
80.3019
80.3134
80.3249
80.3364
80.3479
80.3594
80.3709
80.3824
80.3939
80.4054
80.4169
80.4284
80.4399
80.4514
80.4629
80.4744
80.4859
80.4974
80.5089
80.5204
80.5319
80.5434
80.5549
80.5664
80.5779
80.5894
80.601
80.6124
80.624
80.6355
80.647
80.6585
80.67
80.6815
80.693
80.7045
80.716
80.7275
80.739
80.7505
80.762
80.7735
80.785
80.7965
80.808
80.8195
80.831
80.8425
80.854
80.8655
80.877
80.8885
80.9
80.9115
80.923
80.9345
80.946
80.9575
80.969
80.9805
80.992
81.0035
81.015
81.0265
81.038
81.0495
81.061
81.0725
81.084
81.0955
81.107
81.1185
81.13
81.1415
81.153
81.1645
81.176
81.1875
81.199
81.2105
81.222
81.2335
81.245
81.2565
81.268
81.2795
81.291
81.3025
81.314
81.3255
81.337
81.3485
81.36
81.3715
81.383
81.3945
81.406
81.4175
81.429
81.4405
81.452
81.4635
81.475
81.4865
81.498
81.5096
81.521
81.5326
81.5441
81.5556
81.5671
81.5786
81.5901
81.6016
81.6131
81.6246
81.6361
81.6476
81.6591
81.6706
81.6821
81.6936
81.7051
81.7166
81.7281
81.7396
81.7511
81.7626
81.7741
81.7856
81.7971
81.8086
81.8201
81.8316
81.8431
81.8546
81.8661
81.8776
81.8891
81.9006
81.9121
81.9236
81.9351
81.9466
81.9581
81.9696
81.9811
81.9926
82.0041
82.0156
82.0271
82.0386
82.0501
82.0616
82.0731
82.0846
82.0961
82.1076
82.1191
82.1306
82.1421
82.1536
82.1651
82.1766
82.1881
82.1996
82.2111
82.2226
82.2341
82.2456
82.2571
82.2686
82.2801
82.2916
82.3031
82.3146
82.3261
82.3376
82.3491
82.3606
82.3721
82.3837
82.3951
82.4067
82.4182
82.4297
82.4412
82.4527
82.4642
82.4757
82.4872
82.4987
82.5102
82.5217
82.5332
82.5447
82.5562
82.5677
82.5792
82.5907
82.6022
82.6137
82.6252
82.6367
82.6482
82.6597
82.6712
82.6827
82.6942
82.7057
82.7172
82.7287
82.7402
82.7517
82.7632
82.7747
82.7862
82.7977
82.8092
82.8207
82.8322
82.8437
82.8552
82.8667
82.8782
82.8897
82.9012
82.9127
82.9242
82.9357
82.9472
82.9587
82.9702
82.9817
82.9932
83.0047
83.0162
83.0277
83.0392
83.0507
83.0622
83.0737
83.0852
83.0967
83.1082
83.1197
83.1312
83.1427
83.1542
83.1657
83.1772
83.1887
83.2002
83.2117
83.2232
83.2347
83.2462
83.2577
83.2692
83.2807
83.2923
83.3037
83.3153
83.3268
83.3383
83.3498
83.3613
83.3728
83.3843
83.3958
83.4073
83.4188
83.4303
83.4418
83.4533
83.4648
83.4763
83.4878
83.4993
83.5108
83.5223
83.5338
83.5453
83.5568
83.5683
83.5798
83.5913
83.6028
83.6143
83.6258
83.6373
83.6488
83.6603
83.6718
83.6833
83.6948
83.7063
83.7178
83.7293
83.7408
83.7523
83.7638
83.7753
83.7868
83.7983
83.8098
83.8213
83.8328
83.8443
83.8558
83.8673
83.8788
83.8903
83.9018
83.9133
83.9248
83.9363
83.9478
83.9593
83.9708
83.9823
83.9938
84.0053
84.0168
84.0283
84.0398
84.0513
84.0628
84.0743
84.0858
84.0973
84.1088
84.1203
84.1318
84.1433
84.1548
84.1663
84.1778
84.1893
84.2009
84.2123
84.2239
84.2354
84.2469
84.2584
84.2699
84.2814
84.2929
84.3044
84.3159
84.3274
84.3389
84.3504
84.3619
84.3734
84.3849
84.3964
84.4079
84.4194
84.4309
84.4424
84.4539
84.4654
84.4769
84.4884
84.4999
84.5114
84.5229
84.5344
84.5459
84.5574
84.5689
84.5804
84.5919
84.6034
84.6149
84.6264
84.6379
84.6494
84.6609
84.6724
84.6839
84.6954
84.7069
84.7184
84.7299
84.7414
84.7529
84.7644
84.7759
84.7874
84.7989
84.8104
84.8219
84.8334
84.8449
84.8564
84.8679
84.8794
84.8909
84.9024
84.9139
84.9254
84.9369
84.9484
84.9599
84.9714
84.9829
84.9944
85.0059
85.0174
85.0289
85.0404
85.0519
85.0634
85.075
85.0864
85.098
85.1095
85.121
85.1325
85.144
85.1555
85.167
85.1785
85.19
85.2015
85.213
85.2245
85.236
85.2475
85.259
85.2705
85.282
85.2935
85.305
85.3165
85.328
85.3395
85.351
85.3625
85.374
85.3855
85.397
85.4085
85.42
85.4315
85.443
85.4545
85.466
85.4775
85.489
85.5005
85.512
85.5235
85.535
85.5465
85.558
85.5695
85.581
85.5925
85.604
85.6155
85.627
85.6385
85.65
85.6615
85.673
85.6845
85.696
85.7075
85.719
85.7305
85.742
85.7535
85.765
85.7765
85.788
85.7995
85.811
85.8225
85.834
85.8455
85.857
85.8685
85.88
85.8915
85.903
85.9145
85.926
85.9375
85.949
85.9605
85.972
85.9836
85.995
86.0066
86.0181
86.0296
86.0411
86.0526
86.0641
86.0756
86.0871
86.0986
86.1101
86.1216
86.1331
86.1446
86.1561
86.1676
86.1791
86.1906
86.2021
86.2136
86.2251
86.2366
86.2481
86.2596
86.2711
86.2826
86.2941
86.3056
86.3171
86.3286
86.3401
86.3516
86.3631
86.3746
86.3861
86.3976
86.4091
86.4206
86.4321
86.4436
86.4551
86.4666
86.4781
86.4896
86.5011
86.5126
86.5241
86.5356
86.5471
86.5586
86.5701
86.5816
86.5931
86.6046
86.6161
86.6276
86.6391
86.6506
86.6621
86.6736
86.6851
86.6966
86.7081
86.7196
86.7311
86.7426
86.7541
86.7656
86.7771
86.7886
86.8001
86.8116
86.8231
86.8346
86.8461
86.8576
86.8691
86.8806
86.8922
86.9036
86.9152
86.9267
86.9382
86.9497
86.9612
86.9727
86.9842
86.9957
87.0072
87.0187
87.0302
87.0417
87.0532
87.0647
87.0762
87.0877
87.0992
87.1107
87.1222
87.1337
87.1452
87.1567
87.1682
87.1797
87.1912
87.2027
87.2142
87.2257
87.2372
87.2487
87.2602
87.2717
87.2832
87.2947
87.3062
87.3177
87.3292
87.3407
87.3522
87.3637
87.3752
87.3867
87.3982
87.4097
87.4212
87.4327
87.4442
87.4557
87.4672
87.4787
87.4902
87.5017
87.5132
87.5247
87.5362
87.5477
87.5592
87.5707
87.5822
87.5937
87.6052
87.6167
87.6282
87.6397
87.6512
87.6627
87.6742
87.6857
87.6972
87.7087
87.7202
87.7317
87.7432
87.7547
87.7662
87.7777
87.7892
87.8008
87.8122
87.8238
87.8353
87.8468
87.8583
87.8698
87.8813
87.8928
87.9043
87.9158
87.9273
87.9388
87.9503
87.9618
87.9733
87.9848
87.9963
88.0078
88.0193
88.0308
88.0423
88.0538
88.0653
88.0768
88.0883
88.0998
88.1113
88.1228
88.1343
88.1458
88.1573
88.1688
88.1803
88.1918
88.2033
88.2148
88.2263
88.2378
88.2493
88.2608
88.2723
88.2838
88.2953
88.3068
88.3183
88.3298
88.3413
88.3528
88.3643
88.3758
88.3873
88.3988
88.4103
88.4218
88.4333
88.4448
88.4563
88.4678
88.4793
88.4908
88.5023
88.5138
88.5253
88.5368
88.5483
88.5598
88.5713
88.5828
88.5943
88.6058
88.6173
88.6288
88.6403
88.6518
88.6633
88.6749
88.6863
88.6979
88.7094
88.7209
88.7324
88.7439
88.7554
88.7669
88.7784
88.7899
88.8014
88.8129
88.8244
88.8359
88.8474
88.8589
88.8704
88.8819
88.8934
88.9049
88.9164
88.9279
88.9394
88.9509
88.9624
88.9739
88.9854
88.9969
89.0084
89.0199
89.0314
89.0429
89.0544
89.0659
89.0774
89.0889
89.1004
89.1119
89.1234
89.1349
89.1464
89.1579
89.1694
89.1809
89.1924
89.2039
89.2154
89.2269
89.2384
89.2499
89.2614
89.2729
89.2844
89.2959
89.3074
89.3189
89.3304
89.3419
89.3534
89.3649
89.3764
89.3879
89.3994
89.4109
89.4224
89.4339
89.4454
89.4569
89.4684
89.4799
89.4914
89.5029
89.5144
89.5259
89.5374
89.5489
89.5604
89.5719
89.5835
89.5949
89.6065
89.618
89.6295
89.641
89.6525
89.664
89.6755
89.687
89.6985
89.71
89.7215
89.733
89.7445
89.756
89.7675
89.779
89.7905
89.802
89.8135
89.825
89.8365
89.848
89.8595
89.871
89.8825
89.894
89.9055
89.917
89.9285
89.94
89.9515
89.963
89.9745
89.986
89.9975
90.009
90.0205
90.032
90.0435
90.055
90.0665
90.078
90.0895
90.101
90.1125
90.124
90.1355
90.147
90.1585
90.17
90.1815
90.193
90.2045
90.216
90.2275
90.239
90.2505
90.262
90.2735
90.285
90.2965
90.308
90.3195
90.331
90.3425
90.354
90.3655
90.377
90.3885
90.4
90.4115
90.423
90.4345
90.446
90.4575
90.469
90.4805
90.4921
90.5035
90.5151
90.5266
90.5381
90.5496
90.5611
90.5726
90.5841
90.5956
90.6071
90.6186
90.6301
90.6416
90.6531
90.6646
90.6761
90.6876
90.6991
90.7106
90.7221
90.7336
90.7451
90.7566
90.7681
90.7796
90.7911
90.8026
90.8141
90.8256
90.8371
90.8486
90.8601
90.8716
90.8831
90.8946
90.9061
90.9176
90.9291
90.9406
90.9521
90.9636
90.9751
90.9866
90.9981
91.0096
91.0211
91.0326
91.0441
91.0556
91.0671
91.0786
91.0901
91.1016
91.1131
91.1246
91.1361
91.1476
91.1591
91.1706
91.1821
91.1936
91.2051
91.2166
91.2281
91.2396
91.2511
91.2626
91.2741
91.2856
91.2971
91.3086
91.3201
91.3316
91.3431
91.3546
91.3661
91.3776
91.3892
91.4007
91.4121
91.4237
91.4352
91.4467
91.4582
91.4697
91.4812
91.4927
91.5042
91.5157
91.5272
91.5387
91.5502
91.5617
91.5732
91.5847
91.5962
91.6077
91.6192
91.6307
91.6422
91.6537
91.6652
91.6767
91.6882
91.6997
91.7112
91.7227
91.7342
91.7457
91.7572
91.7687
91.7802
91.7917
91.8032
91.8147
91.8262
91.8377
91.8492
91.8607
91.8722
91.8837
91.8952
91.9067
91.9182
91.9297
91.9412
91.9527
91.9642
91.9757
91.9872
91.9987
92.0102
92.0217
92.0332
92.0447
92.0562
92.0677
92.0792
92.0907
92.1022
92.1137
92.1252
92.1367
92.1482
92.1597
92.1712
92.1827
92.1942
92.2057
92.2172
92.2287
92.2402
92.2517
92.2632
92.2747
92.2862
92.2978
92.3092
92.3208
92.3323
92.3438
92.3553
92.3668
92.3783
92.3898
92.4013
92.4128
92.4243
92.4358
92.4473
92.4588
92.4703
92.4818
92.4933
92.5048
92.5163
92.5278
92.5393
92.5508
92.5623
92.5738
92.5853
92.5968
92.6083
92.6198
92.6313
92.6428
92.6543
92.6658
92.6773
92.6888
92.7003
92.7118
92.7233
92.7348
92.7463
92.7578
92.7693
92.7808
92.7923
92.8038
92.8153
92.8268
92.8383
92.8498
92.8613
92.8728
92.8843
92.8958
92.9073
92.9188
92.9303
92.9418
92.9533
92.9648
92.9763
92.9878
92.9993
93.0108
93.0223
93.0338
93.0453
93.0568
93.0683
93.0798
93.0913
93.1028
93.1143
93.1258
93.1373
93.1488
93.1603
93.1718
93.1833
93.1948
93.2064
93.2178
93.2294
93.2409
93.2524
93.2639
93.2754
93.2869
93.2984
93.3099
93.3214
93.3329
93.3444
93.3559
93.3674
93.3789
93.3904
93.4019
93.4134
93.4249
93.4364
93.4479
93.4594
93.4709
93.4824
93.4939
93.5054
93.5169
93.5284
93.5399
93.5514
93.5629
93.5744
93.5859
93.5974
93.6089
93.6204
93.6319
93.6434
93.6549
93.6664
93.6779
93.6894
93.7009
93.7124
93.7239
93.7354
93.7469
93.7584
93.7699
93.7814
93.7929
93.8044
93.8159
93.8274
93.8389
93.8504
93.8619
93.8734
93.8849
93.8964
93.9079
93.9194
93.9309
93.9424
93.9539
93.9654
93.9769
93.9884
93.9999
94.0114
94.0229
94.0344
94.0459
94.0574
94.0689
94.0804
94.0919
94.1034
94.115
94.1264
94.138
94.1495
94.161
94.1725
94.184
94.1955
94.207
94.2185
94.23
94.2415
94.253
94.2645
94.276
94.2875
94.299
94.3105
94.322
94.3335
94.345
94.3565
94.368
94.3795
94.391
94.4025
94.414
94.4255
94.437
94.4485
94.46
94.4715
94.483
94.4945
94.506
94.5175
94.529
94.5405
94.552
94.5635
94.575
94.5865
94.598
94.6095
94.621
94.6325
94.644
94.6555
94.667
94.6785
94.69
94.7015
94.713
94.7245
94.736
94.7475
94.759
94.7705
94.782
94.7935
94.805
94.8165
94.828
94.8395
94.851
94.8625
94.874
94.8855
94.897
94.9085
94.92
94.9315
94.943
94.9545
94.966
94.9775
94.9891
95.0005
95.0121
95.0236
95.0351
95.0466
95.0581
95.0696
95.0811
95.0926
95.1041
95.1156
95.1271
95.1386
95.1501
95.1616
95.1731
95.1846
95.1961
95.2076
95.2191
95.2306
95.2421
95.2536
95.2651
95.2766
95.2881
95.2996
95.3111
95.3226
95.3341
95.3456
95.3571
95.3686
95.3801
95.3916
95.4031
95.4146
95.4261
95.4376
95.4491
95.4606
95.4721
95.4836
95.4951
95.5066
95.5181
95.5296
95.5411
95.5526
95.5641
95.5756
95.5871
95.5986
95.6101
95.6216
95.6331
95.6446
95.6561
95.6676
95.6791
95.6906
95.7021
95.7136
95.7251
95.7366
95.7481
95.7596
95.7711
95.7826
95.7941
95.8056
95.8171
95.8286
95.8401
95.8516
95.8631
95.8746
95.8861
95.8977
95.9091
95.9207
95.9322
95.9437
95.9552
95.9667
95.9782
95.9897
96.0012
96.0127
96.0242
96.0357
96.0472
96.0587
96.0702
96.0817
96.0932
96.1047
96.1162
96.1277
96.1392
96.1507
96.1622
96.1737
96.1852
96.1967
96.2082
96.2197
96.2312
96.2427
96.2542
96.2657
96.2772
96.2887
96.3002
96.3117
96.3232
96.3347
96.3462
96.3577
96.3692
96.3807
96.3922
96.4037
96.4152
96.4267
96.4382
96.4497
96.4612
96.4727
96.4842
96.4957
96.5072
96.5187
96.5302
96.5417
96.5532
96.5647
96.5762
96.5877
96.5992
96.6107
96.6222
96.6337
96.6452
96.6567
96.6682
96.6797
96.6912
96.7027
96.7142
96.7257
96.7372
96.7487
96.7602
96.7717
96.7832
96.7947
96.8063
96.8177
96.8293
96.8408
96.8523
96.8638
96.8753
96.8868
96.8983
96.9098
96.9213
96.9328
96.9443
96.9558
96.9673
96.9788
96.9903
97.0018
97.0133
97.0248
97.0363
97.0478
97.0593
97.0708
97.0823
97.0938
97.1053
97.1168
97.1283
97.1398
97.1513
97.1628
97.1743
97.1858
97.1973
97.2088
97.2203
97.2318
97.2433
97.2548
97.2663
97.2778
97.2893
97.3008
97.3123
97.3238
97.3353
97.3468
97.3583
97.3698
97.3813
97.3928
97.4043
97.4158
97.4273
97.4388
97.4503
97.4618
97.4733
97.4848
97.4963
97.5078
97.5193
97.5308
97.5423
97.5538
97.5653
97.5768
97.5883
97.5998
97.6113
97.6228
97.6343
97.6458
97.6573
97.6688
97.6803
97.6918
97.7033
97.7149
97.7263
97.7379
97.7494
97.7609
97.7724
97.7839
97.7954
97.8069
97.8184
97.8299
97.8414
97.8529
97.8644
97.8759
97.8874
97.8989
97.9104
97.9219
97.9334
97.9449
97.9564
97.9679
97.9794
97.9909
98.0024
98.0139
98.0254
98.0369
98.0484
98.0599
98.0714
98.0829
98.0944
98.1059
98.1174
98.1289
98.1404
98.1519
98.1634
98.1749
98.1864
98.1979
98.2094
98.2209
98.2324
98.2439
98.2554
98.2669
98.2784
98.2899
98.3014
98.3129
98.3244
98.3359
98.3474
98.3589
98.3704
98.3819
98.3934
98.4049
98.4164
98.4279
98.4394
98.4509
98.4624
98.4739
98.4854
98.4969
98.5084
98.5199
98.5314
98.5429
98.5544
98.5659
98.5774
98.589
98.6004
98.612
98.6235
98.635
98.6465
98.658
98.6695
98.681
98.6925
98.704
98.7155
98.727
98.7385
98.75
98.7615
98.773
98.7845
98.796
98.8075
98.819
98.8305
98.842
98.8535
98.865
98.8765
98.888
98.8995
98.911
98.9225
98.934
98.9455
98.957
98.9685
98.98
98.9915
99.003
99.0145
99.026
99.0375
99.049
99.0605
99.072
99.0835
99.095
99.1065
99.118
99.1295
99.141
99.1525
99.164
99.1755
99.187
99.1985
99.21
99.2215
99.233
99.2445
99.256
99.2675
99.279
99.2905
99.302
99.3135
99.325
99.3365
99.348
99.3595
99.371
99.3825
99.394
99.4055
99.417
99.4285
99.44
99.4515
99.463
99.4745
99.486
99.4976
99.509
99.5206
99.5321
99.5436
99.5551
99.5666
99.5781
99.5896
99.6011
99.6126
99.6241
99.6356
99.6471
99.6586
99.6701
99.6816
99.6931
99.7046
99.7161
99.7276
99.7391
99.7506
99.7621
99.7736
99.7851
99.7966
99.8081
99.8196
99.8311
99.8426
99.8541
99.8656
99.8771
99.8886
99.9001
99.9116
99.9231
99.9346
99.9461
99.9576
99.9691
99.9806
99.9921
sorting
printing
Finished 14 in 3167 s
