37573972 residues to process
0
0.0218023
0.0436047
0.065407
0.0872093
0.109012
0.130814
0.152616
0.174419
0.196221
0.218023
0.239826
0.261628
0.28343
0.305233
0.327035
0.348837
0.37064
0.392442
0.414244
0.436047
0.457849
0.479651
0.501454
0.523256
0.545058
0.56686
0.588663
0.610465
0.632267
0.65407
0.675872
0.697674
0.719477
0.741279
0.763081
0.784884
0.806686
0.828488
0.850291
0.872093
0.893895
0.915698
0.9375
0.959302
0.981105
1.00291
1.02471
1.04651
1.06831
1.09012
1.11192
1.13372
1.15552
1.17733
1.19913
1.22093
1.24273
1.26453
1.28634
1.30814
1.32994
1.35174
1.37355
1.39535
1.41715
1.43895
1.46076
1.48256
1.50436
1.52616
1.54797
1.56977
1.59157
1.61337
1.63517
1.65698
1.67878
1.70058
1.72238
1.74419
1.76599
1.78779
1.80959
1.8314
1.8532
1.875
1.8968
1.9186
1.94041
1.96221
1.98401
2.00581
2.02762
2.04942
2.07122
2.09302
2.11483
2.13663
2.15843
2.18023
2.20203
2.22384
2.24564
2.26744
2.28924
2.31105
2.33285
2.35465
2.37645
2.39826
2.42006
2.44186
2.46366
2.48547
2.50727
2.52907
2.55087
2.57267
2.59448
2.61628
2.63808
2.65988
2.68169
2.70349
2.72529
2.74709
2.7689
2.7907
2.8125
2.8343
2.8561
2.87791
2.89971
2.92151
2.94331
2.96512
2.98692
3.00872
3.03052
3.05233
3.07413
3.09593
3.11773
3.13953
3.16134
3.18314
3.20494
3.22674
3.24855
3.27035
3.29215
3.31395
3.33576
3.35756
3.37936
3.40116
3.42297
3.44477
3.46657
3.48837
3.51017
3.53198
3.55378
3.57558
3.59738
3.61919
3.64099
3.66279
3.68459
3.7064
3.7282
3.75
3.7718
3.7936
3.81541
3.83721
3.85901
3.88081
3.90262
3.92442
3.94622
3.96802
3.98983
4.01163
4.03343
4.05523
4.07703
4.09884
4.12064
4.14244
4.16424
4.18605
4.20785
4.22965
4.25145
4.27326
4.29506
4.31686
4.33866
4.36047
4.38227
4.40407
4.42587
4.44767
4.46948
4.49128
4.51308
4.53488
4.55669
4.57849
4.60029
4.62209
4.6439
4.6657
4.6875
4.7093
4.7311
4.75291
4.77471
4.79651
4.81831
4.84012
4.86192
4.88372
4.90552
4.92733
4.94913
4.97093
4.99273
5.01453
5.03634
5.05814
5.07994
5.10174
5.12355
5.14535
5.16715
5.18895
5.21076
5.23256
5.25436
5.27616
5.29797
5.31977
5.34157
5.36337
5.38517
5.40698
5.42878
5.45058
5.47238
5.49419
5.51599
5.53779
5.55959
5.5814
5.6032
5.625
5.6468
5.6686
5.69041
5.71221
5.73401
5.75581
5.77762
5.79942
5.82122
5.84302
5.86483
5.88663
5.90843
5.93023
5.95203
5.97384
5.99564
6.01744
6.03924
6.06105
6.08285
6.10465
6.12645
6.14826
6.17006
6.19186
6.21366
6.23547
6.25727
6.27907
6.30087
6.32267
6.34448
6.36628
6.38808
6.40988
6.43169
6.45349
6.47529
6.49709
6.5189
6.5407
6.5625
6.5843
6.6061
6.62791
6.64971
6.67151
6.69331
6.71512
6.73692
6.75872
6.78052
6.80233
6.82413
6.84593
6.86773
6.88953
6.91134
6.93314
6.95494
6.97674
6.99855
7.02035
7.04215
7.06395
7.08576
7.10756
7.12936
7.15116
7.17297
7.19477
7.21657
7.23837
7.26017
7.28198
7.30378
7.32558
7.34738
7.36919
7.39099
7.41279
7.43459
7.4564
7.4782
7.5
7.5218
7.5436
7.56541
7.58721
7.60901
7.63081
7.65262
7.67442
7.69622
7.71802
7.73983
7.76163
7.78343
7.80523
7.82703
7.84884
7.87064
7.89244
7.91424
7.93605
7.95785
7.97965
8.00145
8.02326
8.04506
8.06686
8.08866
8.11047
8.13227
8.15407
8.17587
8.19767
8.21948
8.24128
8.26308
8.28488
8.30669
8.32849
8.35029
8.37209
8.3939
8.4157
8.4375
8.4593
8.4811
8.50291
8.52471
8.54651
8.56831
8.59012
8.61192
8.63372
8.65552
8.67733
8.69913
8.72093
8.74273
8.76453
8.78634
8.80814
8.82994
8.85174
8.87355
8.89535
8.91715
8.93895
8.96076
8.98256
9.00436
9.02616
9.04797
9.06977
9.09157
9.11337
9.13517
9.15698
9.17878
9.20058
9.22238
9.24419
9.26599
9.28779
9.30959
9.3314
9.3532
9.375
9.3968
9.4186
9.44041
9.46221
9.48401
9.50581
9.52762
9.54942
9.57122
9.59302
9.61483
9.63663
9.65843
9.68023
9.70203
9.72384
9.74564
9.76744
9.78924
9.81105
9.83285
9.85465
9.87645
9.89826
9.92006
9.94186
9.96366
9.98547
10.0073
10.0291
10.0509
10.0727
10.0945
10.1163
10.1381
10.1599
10.1817
10.2035
10.2253
10.2471
10.2689
10.2907
10.3125
10.3343
10.3561
10.3779
10.3997
10.4215
10.4433
10.4651
10.4869
10.5087
10.5305
10.5523
10.5741
10.5959
10.6177
10.6395
10.6613
10.6831
10.7049
10.7267
10.7485
10.7703
10.7922
10.814
10.8358
10.8576
10.8794
10.9012
10.923
10.9448
10.9666
10.9884
11.0102
11.032
11.0538
11.0756
11.0974
11.1192
11.141
11.1628
11.1846
11.2064
11.2282
11.25
11.2718
11.2936
11.3154
11.3372
11.359
11.3808
11.4026
11.4244
11.4462
11.468
11.4898
11.5116
11.5334
11.5552
11.577
11.5988
11.6206
11.6424
11.6642
11.686
11.7078
11.7297
11.7515
11.7733
11.7951
11.8169
11.8387
11.8605
11.8823
11.9041
11.9259
11.9477
11.9695
11.9913
12.0131
12.0349
12.0567
12.0785
12.1003
12.1221
12.1439
12.1657
12.1875
12.2093
12.2311
12.2529
12.2747
12.2965
12.3183
12.3401
12.3619
12.3837
12.4055
12.4273
12.4491
12.4709
12.4927
12.5145
12.5363
12.5581
12.5799
12.6017
12.6235
12.6453
12.6672
12.689
12.7108
12.7326
12.7544
12.7762
12.798
12.8198
12.8416
12.8634
12.8852
12.907
12.9288
12.9506
12.9724
12.9942
13.016
13.0378
13.0596
13.0814
13.1032
13.125
13.1468
13.1686
13.1904
13.2122
13.234
13.2558
13.2776
13.2994
13.3212
13.343
13.3648
13.3866
13.4084
13.4302
13.452
13.4738
13.4956
13.5174
13.5392
13.561
13.5828
13.6047
13.6265
13.6483
13.6701
13.6919
13.7137
13.7355
13.7573
13.7791
13.8009
13.8227
13.8445
13.8663
13.8881
13.9099
13.9317
13.9535
13.9753
13.9971
14.0189
14.0407
14.0625
14.0843
14.1061
14.1279
14.1497
14.1715
14.1933
14.2151
14.2369
14.2587
14.2805
14.3023
14.3241
14.3459
14.3677
14.3895
14.4113
14.4331
14.4549
14.4767
14.4985
14.5203
14.5422
14.564
14.5858
14.6076
14.6294
14.6512
14.673
14.6948
14.7166
14.7384
14.7602
14.782
14.8038
14.8256
14.8474
14.8692
14.891
14.9128
14.9346
14.9564
14.9782
15
15.0218
15.0436
15.0654
15.0872
15.109
15.1308
15.1526
15.1744
15.1962
15.218
15.2398
15.2616
15.2834
15.3052
15.327
15.3488
15.3706
15.3924
15.4142
15.436
15.4578
15.4797
15.5015
15.5233
15.5451
15.5669
15.5887
15.6105
15.6323
15.6541
15.6759
15.6977
15.7195
15.7413
15.7631
15.7849
15.8067
15.8285
15.8503
15.8721
15.8939
15.9157
15.9375
15.9593
15.9811
16.0029
16.0247
16.0465
16.0683
16.0901
16.1119
16.1337
16.1555
16.1773
16.1991
16.2209
16.2427
16.2645
16.2863
16.3081
16.3299
16.3517
16.3735
16.3953
16.4172
16.439
16.4608
16.4826
16.5044
16.5262
16.548
16.5698
16.5916
16.6134
16.6352
16.657
16.6788
16.7006
16.7224
16.7442
16.766
16.7878
16.8096
16.8314
16.8532
16.875
16.8968
16.9186
16.9404
16.9622
16.984
17.0058
17.0276
17.0494
17.0712
17.093
17.1148
17.1366
17.1584
17.1802
17.202
17.2238
17.2456
17.2674
17.2892
17.311
17.3328
17.3547
17.3765
17.3983
17.4201
17.4419
17.4637
17.4855
17.5073
17.5291
17.5509
17.5727
17.5945
17.6163
17.6381
17.6599
17.6817
17.7035
17.7253
17.7471
17.7689
17.7907
17.8125
17.8343
17.8561
17.8779
17.8997
17.9215
17.9433
17.9651
17.9869
18.0087
18.0305
18.0523
18.0741
18.0959
18.1177
18.1395
18.1613
18.1831
18.2049
18.2267
18.2485
18.2703
18.2922
18.314
18.3358
18.3576
18.3794
18.4012
18.423
18.4448
18.4666
18.4884
18.5102
18.532
18.5538
18.5756
18.5974
18.6192
18.641
18.6628
18.6846
18.7064
18.7282
18.75
18.7718
18.7936
18.8154
18.8372
18.859
18.8808
18.9026
18.9244
18.9462
18.968
18.9898
19.0116
19.0334
19.0552
19.077
19.0988
19.1206
19.1424
19.1642
19.186
19.2078
19.2297
19.2515
19.2733
19.2951
19.3169
19.3387
19.3605
19.3823
19.4041
19.4259
19.4477
19.4695
19.4913
19.5131
19.5349
19.5567
19.5785
19.6003
19.6221
19.6439
19.6657
19.6875
19.7093
19.7311
19.7529
19.7747
19.7965
19.8183
19.8401
19.8619
19.8837
19.9055
19.9273
19.9491
19.9709
19.9927
20.0145
20.0363
20.0581
20.0799
20.1017
20.1235
20.1453
20.1672
20.189
20.2108
20.2326
20.2544
20.2762
20.298
20.3198
20.3416
20.3634
20.3852
20.407
20.4288
20.4506
20.4724
20.4942
20.516
20.5378
20.5596
20.5814
20.6032
20.625
20.6468
20.6686
20.6904
20.7122
20.734
20.7558
20.7776
20.7994
20.8212
20.843
20.8648
20.8866
20.9084
20.9302
20.952
20.9738
20.9956
21.0174
21.0392
21.061
21.0828
21.1047
21.1265
21.1483
21.1701
21.1919
21.2137
21.2355
21.2573
21.2791
21.3009
21.3227
21.3445
21.3663
21.3881
21.4099
21.4317
21.4535
21.4753
21.4971
21.5189
21.5407
21.5625
21.5843
21.6061
21.6279
21.6497
21.6715
21.6933
21.7151
21.7369
21.7587
21.7805
21.8023
21.8241
21.8459
21.8677
21.8895
21.9113
21.9331
21.9549
21.9767
21.9985
22.0203
22.0422
22.064
22.0858
22.1076
22.1294
22.1512
22.173
22.1948
22.2166
22.2384
22.2602
22.282
22.3038
22.3256
22.3474
22.3692
22.391
22.4128
22.4346
22.4564
22.4782
22.5
22.5218
22.5436
22.5654
22.5872
22.609
22.6308
22.6526
22.6744
22.6962
22.718
22.7398
22.7616
22.7834
22.8052
22.827
22.8488
22.8706
22.8924
22.9142
22.936
22.9578
22.9797
23.0015
23.0233
23.0451
23.0669
23.0887
23.1105
23.1323
23.1541
23.1759
23.1977
23.2195
23.2413
23.2631
23.2849
23.3067
23.3285
23.3503
23.3721
23.3939
23.4157
23.4375
23.4593
23.4811
23.5029
23.5247
23.5465
23.5683
23.5901
23.6119
23.6337
23.6555
23.6773
23.6991
23.7209
23.7427
23.7645
23.7863
23.8081
23.8299
23.8517
23.8735
23.8953
23.9172
23.939
23.9608
23.9826
24.0044
24.0262
24.048
24.0698
24.0916
24.1134
24.1352
24.157
24.1788
24.2006
24.2224
24.2442
24.266
24.2878
24.3096
24.3314
24.3532
24.375
24.3968
24.4186
24.4404
24.4622
24.484
24.5058
24.5276
24.5494
24.5712
24.593
24.6148
24.6366
24.6584
24.6802
24.702
24.7238
24.7456
24.7674
24.7892
24.811
24.8328
24.8547
24.8765
24.8983
24.9201
24.9419
24.9637
24.9855
25.0073
25.0291
25.0509
25.0727
25.0945
25.1163
25.1381
25.1599
25.1817
25.2035
25.2253
25.2471
25.2689
25.2907
25.3125
25.3343
25.3561
25.3779
25.3997
25.4215
25.4433
25.4651
25.4869
25.5087
25.5305
25.5523
25.5741
25.5959
25.6177
25.6395
25.6613
25.6831
25.7049
25.7267
25.7485
25.7703
25.7922
25.814
25.8358
25.8576
25.8794
25.9012
25.923
25.9448
25.9666
25.9884
26.0102
26.032
26.0538
26.0756
26.0974
26.1192
26.141
26.1628
26.1846
26.2064
26.2282
26.25
26.2718
26.2936
26.3154
26.3372
26.359
26.3808
26.4026
26.4244
26.4462
26.468
26.4898
26.5116
26.5334
26.5552
26.577
26.5988
26.6206
26.6424
26.6642
26.686
26.7078
26.7297
26.7515
26.7733
26.7951
26.8169
26.8387
26.8605
26.8823
26.9041
26.9259
26.9477
26.9695
26.9913
27.0131
27.0349
27.0567
27.0785
27.1003
27.1221
27.1439
27.1657
27.1875
27.2093
27.2311
27.2529
27.2747
27.2965
27.3183
27.3401
27.3619
27.3837
27.4055
27.4273
27.4491
27.4709
27.4927
27.5145
27.5363
27.5581
27.5799
27.6017
27.6235
27.6453
27.6672
27.689
27.7108
27.7326
27.7544
27.7762
27.798
27.8198
27.8416
27.8634
27.8852
27.907
27.9288
27.9506
27.9724
27.9942
28.016
28.0378
28.0596
28.0814
28.1032
28.125
28.1468
28.1686
28.1904
28.2122
28.234
28.2558
28.2776
28.2994
28.3212
28.343
28.3648
28.3866
28.4084
28.4302
28.452
28.4738
28.4956
28.5174
28.5392
28.561
28.5828
28.6047
28.6265
28.6483
28.6701
28.6919
28.7137
28.7355
28.7573
28.7791
28.8009
28.8227
28.8445
28.8663
28.8881
28.9099
28.9317
28.9535
28.9753
28.9971
29.0189
29.0407
29.0625
29.0843
29.1061
29.1279
29.1497
29.1715
29.1933
29.2151
29.2369
29.2587
29.2805
29.3023
29.3241
29.3459
29.3677
29.3895
29.4113
29.4331
29.4549
29.4767
29.4985
29.5203
29.5422
29.564
29.5858
29.6076
29.6294
29.6512
29.673
29.6948
29.7166
29.7384
29.7602
29.782
29.8038
29.8256
29.8474
29.8692
29.891
29.9128
29.9346
29.9564
29.9782
30
30.0218
30.0436
30.0654
30.0872
30.109
30.1308
30.1526
30.1744
30.1962
30.218
30.2398
30.2616
30.2834
30.3052
30.327
30.3488
30.3706
30.3924
30.4142
30.436
30.4578
30.4797
30.5015
30.5233
30.5451
30.5669
30.5887
30.6105
30.6323
30.6541
30.6759
30.6977
30.7195
30.7413
30.7631
30.7849
30.8067
30.8285
30.8503
30.8721
30.8939
30.9157
30.9375
30.9593
30.9811
31.0029
31.0247
31.0465
31.0683
31.0901
31.1119
31.1337
31.1555
31.1773
31.1991
31.2209
31.2427
31.2645
31.2863
31.3081
31.3299
31.3517
31.3735
31.3953
31.4172
31.439
31.4608
31.4826
31.5044
31.5262
31.548
31.5698
31.5916
31.6134
31.6352
31.657
31.6788
31.7006
31.7224
31.7442
31.766
31.7878
31.8096
31.8314
31.8532
31.875
31.8968
31.9186
31.9404
31.9622
31.984
32.0058
32.0276
32.0494
32.0712
32.093
32.1148
32.1366
32.1584
32.1802
32.202
32.2238
32.2456
32.2674
32.2892
32.311
32.3329
32.3547
32.3765
32.3983
32.4201
32.4419
32.4637
32.4855
32.5073
32.5291
32.5509
32.5727
32.5945
32.6163
32.6381
32.6599
32.6817
32.7035
32.7253
32.7471
32.7689
32.7907
32.8125
32.8343
32.8561
32.8779
32.8997
32.9215
32.9433
32.9651
32.9869
33.0087
33.0305
33.0523
33.0741
33.0959
33.1177
33.1395
33.1613
33.1831
33.2049
33.2267
33.2485
33.2704
33.2922
33.314
33.3358
33.3576
33.3794
33.4012
33.423
33.4448
33.4666
33.4884
33.5102
33.532
33.5538
33.5756
33.5974
33.6192
33.641
33.6628
33.6846
33.7064
33.7282
33.75
33.7718
33.7936
33.8154
33.8372
33.859
33.8808
33.9026
33.9244
33.9462
33.968
33.9898
34.0116
34.0334
34.0552
34.077
34.0988
34.1206
34.1424
34.1642
34.186
34.2079
34.2297
34.2515
34.2733
34.2951
34.3169
34.3387
34.3605
34.3823
34.4041
34.4259
34.4477
34.4695
34.4913
34.5131
34.5349
34.5567
34.5785
34.6003
34.6221
34.6439
34.6657
34.6875
34.7093
34.7311
34.7529
34.7747
34.7965
34.8183
34.8401
34.8619
34.8837
34.9055
34.9273
34.9491
34.9709
34.9927
35.0145
35.0363
35.0581
35.0799
35.1017
35.1235
35.1454
35.1672
35.189
35.2108
35.2326
35.2544
35.2762
35.298
35.3198
35.3416
35.3634
35.3852
35.407
35.4288
35.4506
35.4724
35.4942
35.516
35.5378
35.5596
35.5814
35.6032
35.625
35.6468
35.6686
35.6904
35.7122
35.734
35.7558
35.7776
35.7994
35.8212
35.843
35.8648
35.8866
35.9084
35.9302
35.952
35.9738
35.9956
36.0174
36.0392
36.061
36.0829
36.1047
36.1265
36.1483
36.1701
36.1919
36.2137
36.2355
36.2573
36.2791
36.3009
36.3227
36.3445
36.3663
36.3881
36.4099
36.4317
36.4535
36.4753
36.4971
36.5189
36.5407
36.5625
36.5843
36.6061
36.6279
36.6497
36.6715
36.6933
36.7151
36.7369
36.7587
36.7805
36.8023
36.8241
36.8459
36.8677
36.8895
36.9113
36.9331
36.9549
36.9767
36.9985
37.0204
37.0422
37.064
37.0858
37.1076
37.1294
37.1512
37.173
37.1948
37.2166
37.2384
37.2602
37.282
37.3038
37.3256
37.3474
37.3692
37.391
37.4128
37.4346
37.4564
37.4782
37.5
37.5218
37.5436
37.5654
37.5872
37.609
37.6308
37.6526
37.6744
37.6962
37.718
37.7398
37.7616
37.7834
37.8052
37.827
37.8488
37.8706
37.8924
37.9142
37.936
37.9579
37.9797
38.0015
38.0233
38.0451
38.0669
38.0887
38.1105
38.1323
38.1541
38.1759
38.1977
38.2195
38.2413
38.2631
38.2849
38.3067
38.3285
38.3503
38.3721
38.3939
38.4157
38.4375
38.4593
38.4811
38.5029
38.5247
38.5465
38.5683
38.5901
38.6119
38.6337
38.6555
38.6773
38.6991
38.7209
38.7427
38.7645
38.7863
38.8081
38.8299
38.8517
38.8735
38.8954
38.9172
38.939
38.9608
38.9826
39.0044
39.0262
39.048
39.0698
39.0916
39.1134
39.1352
39.157
39.1788
39.2006
39.2224
39.2442
39.266
39.2878
39.3096
39.3314
39.3532
39.375
39.3968
39.4186
39.4404
39.4622
39.484
39.5058
39.5276
39.5494
39.5712
39.593
39.6148
39.6366
39.6584
39.6802
39.702
39.7238
39.7456
39.7674
39.7892
39.811
39.8329
39.8547
39.8765
39.8983
39.9201
39.9419
39.9637
39.9855
40.0073
40.0291
40.0509
40.0727
40.0945
40.1163
40.1381
40.1599
40.1817
40.2035
40.2253
40.2471
40.2689
40.2907
40.3125
40.3343
40.3561
40.3779
40.3997
40.4215
40.4433
40.4651
40.4869
40.5087
40.5305
40.5523
40.5741
40.5959
40.6177
40.6395
40.6613
40.6831
40.7049
40.7267
40.7485
40.7704
40.7922
40.814
40.8358
40.8576
40.8794
40.9012
40.923
40.9448
40.9666
40.9884
41.0102
41.032
41.0538
41.0756
41.0974
41.1192
41.141
41.1628
41.1846
41.2064
41.2282
41.25
41.2718
41.2936
41.3154
41.3372
41.359
41.3808
41.4026
41.4244
41.4462
41.468
41.4898
41.5116
41.5334
41.5552
41.577
41.5988
41.6206
41.6424
41.6642
41.686
41.7079
41.7297
41.7515
41.7733
41.7951
41.8169
41.8387
41.8605
41.8823
41.9041
41.9259
41.9477
41.9695
41.9913
42.0131
42.0349
42.0567
42.0785
42.1003
42.1221
42.1439
42.1657
42.1875
42.2093
42.2311
42.2529
42.2747
42.2965
42.3183
42.3401
42.3619
42.3837
42.4055
42.4273
42.4491
42.4709
42.4927
42.5145
42.5363
42.5581
42.5799
42.6017
42.6235
42.6454
42.6672
42.689
42.7108
42.7326
42.7544
42.7762
42.798
42.8198
42.8416
42.8634
42.8852
42.907
42.9288
42.9506
42.9724
42.9942
43.016
43.0378
43.0596
43.0814
43.1032
43.125
43.1468
43.1686
43.1904
43.2122
43.234
43.2558
43.2776
43.2994
43.3212
43.343
43.3648
43.3866
43.4084
43.4302
43.452
43.4738
43.4956
43.5174
43.5392
43.561
43.5829
43.6047
43.6265
43.6483
43.6701
43.6919
43.7137
43.7355
43.7573
43.7791
43.8009
43.8227
43.8445
43.8663
43.8881
43.9099
43.9317
43.9535
43.9753
43.9971
44.0189
44.0407
44.0625
44.0843
44.1061
44.1279
44.1497
44.1715
44.1933
44.2151
44.2369
44.2587
44.2805
44.3023
44.3241
44.3459
44.3677
44.3895
44.4113
44.4331
44.4549
44.4767
44.4985
44.5204
44.5422
44.564
44.5858
44.6076
44.6294
44.6512
44.673
44.6948
44.7166
44.7384
44.7602
44.782
44.8038
44.8256
44.8474
44.8692
44.891
44.9128
44.9346
44.9564
44.9782
45
45.0218
45.0436
45.0654
45.0872
45.109
45.1308
45.1526
45.1744
45.1962
45.218
45.2398
45.2616
45.2834
45.3052
45.327
45.3488
45.3706
45.3924
45.4142
45.436
45.4579
45.4797
45.5015
45.5233
45.5451
45.5669
45.5887
45.6105
45.6323
45.6541
45.6759
45.6977
45.7195
45.7413
45.7631
45.7849
45.8067
45.8285
45.8503
45.8721
45.8939
45.9157
45.9375
45.9593
45.9811
46.0029
46.0247
46.0465
46.0683
46.0901
46.1119
46.1337
46.1555
46.1773
46.1991
46.2209
46.2427
46.2645
46.2863
46.3081
46.3299
46.3517
46.3735
46.3954
46.4172
46.439
46.4608
46.4826
46.5044
46.5262
46.548
46.5698
46.5916
46.6134
46.6352
46.657
46.6788
46.7006
46.7224
46.7442
46.766
46.7878
46.8096
46.8314
46.8532
46.875
46.8968
46.9186
46.9404
46.9622
46.984
47.0058
47.0276
47.0494
47.0712
47.093
47.1148
47.1366
47.1584
47.1802
47.202
47.2238
47.2456
47.2674
47.2892
47.311
47.3329
47.3547
47.3765
47.3983
47.4201
47.4419
47.4637
47.4855
47.5073
47.5291
47.5509
47.5727
47.5945
47.6163
47.6381
47.6599
47.6817
47.7035
47.7253
47.7471
47.7689
47.7907
47.8125
47.8343
47.8561
47.8779
47.8997
47.9215
47.9433
47.9651
47.9869
48.0087
48.0305
48.0523
48.0741
48.0959
48.1177
48.1395
48.1613
48.1831
48.2049
48.2267
48.2485
48.2704
48.2922
48.314
48.3358
48.3576
48.3794
48.4012
48.423
48.4448
48.4666
48.4884
48.5102
48.532
48.5538
48.5756
48.5974
48.6192
48.641
48.6628
48.6846
48.7064
48.7282
48.75
48.7718
48.7936
48.8154
48.8372
48.859
48.8808
48.9026
48.9244
48.9462
48.968
48.9898
49.0116
49.0334
49.0552
49.077
49.0988
49.1206
49.1424
49.1642
49.186
49.2079
49.2297
49.2515
49.2733
49.2951
49.3169
49.3387
49.3605
49.3823
49.4041
49.4259
49.4477
49.4695
49.4913
49.5131
49.5349
49.5567
49.5785
49.6003
49.6221
49.6439
49.6657
49.6875
49.7093
49.7311
49.7529
49.7747
49.7965
49.8183
49.8401
49.8619
49.8837
49.9055
49.9273
49.9491
49.9709
49.9927
50.0145
50.0363
50.0581
50.0799
50.1017
50.1235
50.1454
50.1672
50.189
50.2108
50.2326
50.2544
50.2762
50.298
50.3198
50.3416
50.3634
50.3852
50.407
50.4288
50.4506
50.4724
50.4942
50.516
50.5378
50.5596
50.5814
50.6032
50.625
50.6468
50.6686
50.6904
50.7122
50.734
50.7558
50.7776
50.7994
50.8212
50.843
50.8648
50.8866
50.9084
50.9302
50.952
50.9738
50.9956
51.0174
51.0392
51.061
51.0829
51.1047
51.1265
51.1483
51.1701
51.1919
51.2137
51.2355
51.2573
51.2791
51.3009
51.3227
51.3445
51.3663
51.3881
51.4099
51.4317
51.4535
51.4753
51.4971
51.5189
51.5407
51.5625
51.5843
51.6061
51.6279
51.6497
51.6715
51.6933
51.7151
51.7369
51.7587
51.7805
51.8023
51.8241
51.8459
51.8677
51.8895
51.9113
51.9331
51.9549
51.9767
51.9985
52.0204
52.0422
52.064
52.0858
52.1076
52.1294
52.1512
52.173
52.1948
52.2166
52.2384
52.2602
52.282
52.3038
52.3256
52.3474
52.3692
52.391
52.4128
52.4346
52.4564
52.4782
52.5
52.5218
52.5436
52.5654
52.5872
52.609
52.6308
52.6526
52.6744
52.6962
52.718
52.7398
52.7616
52.7834
52.8052
52.827
52.8488
52.8706
52.8924
52.9142
52.936
52.9579
52.9797
53.0015
53.0233
53.0451
53.0669
53.0887
53.1105
53.1323
53.1541
53.1759
53.1977
53.2195
53.2413
53.2631
53.2849
53.3067
53.3285
53.3503
53.3721
53.3939
53.4157
53.4375
53.4593
53.4811
53.5029
53.5247
53.5465
53.5683
53.5901
53.6119
53.6337
53.6555
53.6773
53.6991
53.7209
53.7427
53.7645
53.7863
53.8081
53.8299
53.8517
53.8735
53.8954
53.9172
53.939
53.9608
53.9826
54.0044
54.0262
54.048
54.0698
54.0916
54.1134
54.1352
54.157
54.1788
54.2006
54.2224
54.2442
54.266
54.2878
54.3096
54.3314
54.3532
54.375
54.3968
54.4186
54.4404
54.4622
54.484
54.5058
54.5276
54.5494
54.5712
54.593
54.6148
54.6366
54.6584
54.6802
54.702
54.7238
54.7456
54.7674
54.7892
54.811
54.8329
54.8547
54.8765
54.8983
54.9201
54.9419
54.9637
54.9855
55.0073
55.0291
55.0509
55.0727
55.0945
55.1163
55.1381
55.1599
55.1817
55.2035
55.2253
55.2471
55.2689
55.2907
55.3125
55.3343
55.3561
55.3779
55.3997
55.4215
55.4433
55.4651
55.4869
55.5087
55.5305
55.5523
55.5741
55.5959
55.6177
55.6395
55.6613
55.6831
55.7049
55.7267
55.7485
55.7704
55.7922
55.814
55.8358
55.8576
55.8794
55.9012
55.923
55.9448
55.9666
55.9884
56.0102
56.032
56.0538
56.0756
56.0974
56.1192
56.141
56.1628
56.1846
56.2064
56.2282
56.25
56.2718
56.2936
56.3154
56.3372
56.359
56.3808
56.4026
56.4244
56.4462
56.468
56.4898
56.5116
56.5334
56.5552
56.577
56.5988
56.6206
56.6424
56.6642
56.6861
56.7079
56.7297
56.7515
56.7733
56.7951
56.8169
56.8387
56.8605
56.8823
56.9041
56.9259
56.9477
56.9695
56.9913
57.0131
57.0349
57.0567
57.0785
57.1003
57.1221
57.1439
57.1657
57.1875
57.2093
57.2311
57.2529
57.2747
57.2965
57.3183
57.3401
57.3619
57.3837
57.4055
57.4273
57.4491
57.4709
57.4927
57.5145
57.5363
57.5581
57.5799
57.6017
57.6236
57.6454
57.6672
57.689
57.7108
57.7326
57.7544
57.7762
57.798
57.8198
57.8416
57.8634
57.8852
57.907
57.9288
57.9506
57.9724
57.9942
58.016
58.0378
58.0596
58.0814
58.1032
58.125
58.1468
58.1686
58.1904
58.2122
58.234
58.2558
58.2776
58.2994
58.3212
58.343
58.3648
58.3866
58.4084
58.4302
58.452
58.4738
58.4956
58.5174
58.5392
58.5611
58.5829
58.6047
58.6265
58.6483
58.6701
58.6919
58.7137
58.7355
58.7573
58.7791
58.8009
58.8227
58.8445
58.8663
58.8881
58.9099
58.9317
58.9535
58.9753
58.9971
59.0189
59.0407
59.0625
59.0843
59.1061
59.1279
59.1497
59.1715
59.1933
59.2151
59.2369
59.2587
59.2805
59.3023
59.3241
59.3459
59.3677
59.3895
59.4113
59.4331
59.4549
59.4767
59.4986
59.5204
59.5422
59.564
59.5858
59.6076
59.6294
59.6512
59.673
59.6948
59.7166
59.7384
59.7602
59.782
59.8038
59.8256
59.8474
59.8692
59.891
59.9128
59.9346
59.9564
59.9782
60
60.0218
60.0436
60.0654
60.0872
60.109
60.1308
60.1526
60.1744
60.1962
60.218
60.2398
60.2616
60.2834
60.3052
60.327
60.3488
60.3706
60.3924
60.4142
60.4361
60.4579
60.4797
60.5015
60.5233
60.5451
60.5669
60.5887
60.6105
60.6323
60.6541
60.6759
60.6977
60.7195
60.7413
60.7631
60.7849
60.8067
60.8285
60.8503
60.8721
60.8939
60.9157
60.9375
60.9593
60.9811
61.0029
61.0247
61.0465
61.0683
61.0901
61.1119
61.1337
61.1555
61.1773
61.1991
61.2209
61.2427
61.2645
61.2863
61.3081
61.3299
61.3517
61.3736
61.3954
61.4172
61.439
61.4608
61.4826
61.5044
61.5262
61.548
61.5698
61.5916
61.6134
61.6352
61.657
61.6788
61.7006
61.7224
61.7442
61.766
61.7878
61.8096
61.8314
61.8532
61.875
61.8968
61.9186
61.9404
61.9622
61.984
62.0058
62.0276
62.0494
62.0712
62.093
62.1148
62.1366
62.1584
62.1802
62.202
62.2238
62.2456
62.2674
62.2892
62.3111
62.3329
62.3547
62.3765
62.3983
62.4201
62.4419
62.4637
62.4855
62.5073
62.5291
62.5509
62.5727
62.5945
62.6163
62.6381
62.6599
62.6817
62.7035
62.7253
62.7471
62.7689
62.7907
62.8125
62.8343
62.8561
62.8779
62.8997
62.9215
62.9433
62.9651
62.9869
63.0087
63.0305
63.0523
63.0741
63.0959
63.1177
63.1395
63.1613
63.1831
63.2049
63.2267
63.2486
63.2704
63.2922
63.314
63.3358
63.3576
63.3794
63.4012
63.423
63.4448
63.4666
63.4884
63.5102
63.532
63.5538
63.5756
63.5974
63.6192
63.641
63.6628
63.6846
63.7064
63.7282
63.75
63.7718
63.7936
63.8154
63.8372
63.859
63.8808
63.9026
63.9244
63.9462
63.968
63.9898
64.0116
64.0334
64.0552
64.077
64.0988
64.1206
64.1424
64.1642
64.1861
64.2078
64.2297
64.2515
64.2733
64.2951
64.3169
64.3387
64.3605
64.3823
64.4041
64.4259
64.4477
64.4695
64.4913
64.5131
64.5349
64.5567
64.5785
64.6003
64.6221
64.6439
64.6657
64.6875
64.7093
64.7311
64.7529
64.7747
64.7965
64.8183
64.8401
64.8619
64.8837
64.9055
64.9273
64.9491
64.9709
64.9927
65.0145
65.0363
65.0581
65.0799
65.1017
65.1236
65.1453
65.1672
65.189
65.2108
65.2326
65.2544
65.2762
65.298
65.3198
65.3416
65.3634
65.3852
65.407
65.4288
65.4506
65.4724
65.4942
65.516
65.5378
65.5596
65.5814
65.6032
65.625
65.6468
65.6686
65.6904
65.7122
65.734
65.7558
65.7776
65.7994
65.8212
65.843
65.8648
65.8866
65.9084
65.9302
65.952
65.9738
65.9956
66.0174
66.0392
66.0611
66.0828
66.1047
66.1265
66.1483
66.1701
66.1919
66.2137
66.2355
66.2573
66.2791
66.3009
66.3227
66.3445
66.3663
66.3881
66.4099
66.4317
66.4535
66.4753
66.4971
66.5189
66.5407
66.5625
66.5843
66.6061
66.6279
66.6497
66.6715
66.6933
66.7151
66.7369
66.7587
66.7805
66.8023
66.8241
66.8459
66.8677
66.8895
66.9113
66.9331
66.9549
66.9767
66.9986
67.0203
67.0422
67.064
67.0858
67.1076
67.1294
67.1512
67.173
67.1948
67.2166
67.2384
67.2602
67.282
67.3038
67.3256
67.3474
67.3692
67.391
67.4128
67.4346
67.4564
67.4782
67.5
67.5218
67.5436
67.5654
67.5872
67.609
67.6308
67.6526
67.6744
67.6962
67.718
67.7398
67.7616
67.7834
67.8052
67.827
67.8488
67.8706
67.8924
67.9142
67.9361
67.9578
67.9797
68.0015
68.0233
68.0451
68.0669
68.0887
68.1105
68.1323
68.1541
68.1759
68.1977
68.2195
68.2413
68.2631
68.2849
68.3067
68.3285
68.3503
68.3721
68.3939
68.4157
68.4375
68.4593
68.4811
68.5029
68.5247
68.5465
68.5683
68.5901
68.6119
68.6337
68.6555
68.6773
68.6991
68.7209
68.7427
68.7645
68.7863
68.8081
68.8299
68.8517
68.8736
68.8953
68.9172
68.939
68.9608
68.9826
69.0044
69.0262
69.048
69.0698
69.0916
69.1134
69.1352
69.157
69.1788
69.2006
69.2224
69.2442
69.266
69.2878
69.3096
69.3314
69.3532
69.375
69.3968
69.4186
69.4404
69.4622
69.484
69.5058
69.5276
69.5494
69.5712
69.593
69.6148
69.6366
69.6584
69.6802
69.702
69.7238
69.7456
69.7674
69.7892
69.8111
69.8328
69.8547
69.8765
69.8983
69.9201
69.9419
69.9637
69.9855
70.0073
70.0291
70.0509
70.0727
70.0945
70.1163
70.1381
70.1599
70.1817
70.2035
70.2253
70.2471
70.2689
70.2907
70.3125
70.3343
70.3561
70.3779
70.3997
70.4215
70.4433
70.4651
70.4869
70.5087
70.5305
70.5523
70.5741
70.5959
70.6177
70.6395
70.6613
70.6831
70.7049
70.7267
70.7486
70.7703
70.7922
70.814
70.8358
70.8576
70.8794
70.9012
70.923
70.9448
70.9666
70.9884
71.0102
71.032
71.0538
71.0756
71.0974
71.1192
71.141
71.1628
71.1846
71.2064
71.2282
71.25
71.2718
71.2936
71.3154
71.3372
71.359
71.3808
71.4026
71.4244
71.4462
71.468
71.4898
71.5116
71.5334
71.5552
71.577
71.5988
71.6206
71.6424
71.6642
71.6861
71.7078
71.7297
71.7515
71.7733
71.7951
71.8169
71.8387
71.8605
71.8823
71.9041
71.9259
71.9477
71.9695
71.9913
72.0131
72.0349
72.0567
72.0785
72.1003
72.1221
72.1439
72.1657
72.1875
72.2093
72.2311
72.2529
72.2747
72.2965
72.3183
72.3401
72.3619
72.3837
72.4055
72.4273
72.4491
72.4709
72.4927
72.5145
72.5363
72.5581
72.5799
72.6017
72.6236
72.6454
72.6672
72.689
72.7108
72.7326
72.7544
72.7762
72.798
72.8198
72.8416
72.8634
72.8852
72.907
72.9288
72.9506
72.9724
72.9942
73.016
73.0378
73.0596
73.0814
73.1032
73.125
73.1468
73.1686
73.1904
73.2122
73.234
73.2558
73.2776
73.2994
73.3212
73.343
73.3648
73.3866
73.4084
73.4302
73.452
73.4738
73.4956
73.5174
73.5392
73.5611
73.5829
73.6047
73.6265
73.6483
73.6701
73.6919
73.7137
73.7355
73.7573
73.7791
73.8009
73.8227
73.8445
73.8663
73.8881
73.9099
73.9317
73.9535
73.9753
73.9971
74.0189
74.0407
74.0625
74.0843
74.1061
74.1279
74.1497
74.1715
74.1933
74.2151
74.2369
74.2587
74.2805
74.3023
74.3241
74.3459
74.3677
74.3895
74.4113
74.4331
74.4549
74.4767
74.4986
74.5204
74.5422
74.564
74.5858
74.6076
74.6294
74.6512
74.673
74.6948
74.7166
74.7384
74.7602
74.782
74.8038
74.8256
74.8474
74.8692
74.891
74.9128
74.9346
74.9564
74.9782
75
75.0218
75.0436
75.0654
75.0872
75.109
75.1308
75.1526
75.1744
75.1962
75.218
75.2398
75.2616
75.2834
75.3052
75.327
75.3488
75.3706
75.3924
75.4142
75.4361
75.4579
75.4797
75.5015
75.5233
75.5451
75.5669
75.5887
75.6105
75.6323
75.6541
75.6759
75.6977
75.7195
75.7413
75.7631
75.7849
75.8067
75.8285
75.8503
75.8721
75.8939
75.9157
75.9375
75.9593
75.9811
76.0029
76.0247
76.0465
76.0683
76.0901
76.1119
76.1337
76.1555
76.1773
76.1991
76.2209
76.2427
76.2645
76.2863
76.3081
76.3299
76.3517
76.3736
76.3954
76.4172
76.439
76.4608
76.4826
76.5044
76.5262
76.548
76.5698
76.5916
76.6134
76.6352
76.657
76.6788
76.7006
76.7224
76.7442
76.766
76.7878
76.8096
76.8314
76.8532
76.875
76.8968
76.9186
76.9404
76.9622
76.984
77.0058
77.0276
77.0494
77.0712
77.093
77.1148
77.1366
77.1584
77.1802
77.202
77.2238
77.2456
77.2674
77.2892
77.3111
77.3329
77.3547
77.3765
77.3983
77.4201
77.4419
77.4637
77.4855
77.5073
77.5291
77.5509
77.5727
77.5945
77.6163
77.6381
77.6599
77.6817
77.7035
77.7253
77.7471
77.7689
77.7907
77.8125
77.8343
77.8561
77.8779
77.8997
77.9215
77.9433
77.9651
77.9869
78.0087
78.0305
78.0523
78.0741
78.0959
78.1177
78.1395
78.1613
78.1831
78.2049
78.2267
78.2486
78.2704
78.2922
78.314
78.3358
78.3576
78.3794
78.4012
78.423
78.4448
78.4666
78.4884
78.5102
78.532
78.5538
78.5756
78.5974
78.6192
78.641
78.6628
78.6846
78.7064
78.7282
78.75
78.7718
78.7936
78.8154
78.8372
78.859
78.8808
78.9026
78.9244
78.9462
78.968
78.9898
79.0116
79.0334
79.0552
79.077
79.0988
79.1206
79.1424
79.1642
79.1861
79.2079
79.2297
79.2515
79.2733
79.2951
79.3169
79.3387
79.3605
79.3823
79.4041
79.4259
79.4477
79.4695
79.4913
79.5131
79.5349
79.5567
79.5785
79.6003
79.6221
79.6439
79.6657
79.6875
79.7093
79.7311
79.7529
79.7747
79.7965
79.8183
79.8401
79.8619
79.8837
79.9055
79.9273
79.9491
79.9709
79.9927
80.0145
80.0363
80.0581
80.0799
80.1017
80.1236
80.1454
80.1672
80.189
80.2108
80.2326
80.2544
80.2762
80.298
80.3198
80.3416
80.3634
80.3852
80.407
80.4288
80.4506
80.4724
80.4942
80.516
80.5378
80.5596
80.5814
80.6032
80.625
80.6468
80.6686
80.6904
80.7122
80.734
80.7558
80.7776
80.7994
80.8212
80.843
80.8648
80.8866
80.9084
80.9302
80.952
80.9738
80.9956
81.0174
81.0392
81.0611
81.0829
81.1047
81.1265
81.1483
81.1701
81.1919
81.2137
81.2355
81.2573
81.2791
81.3009
81.3227
81.3445
81.3663
81.3881
81.4099
81.4317
81.4535
81.4753
81.4971
81.5189
81.5407
81.5625
81.5843
81.6061
81.6279
81.6497
81.6715
81.6933
81.7151
81.7369
81.7587
81.7805
81.8023
81.8241
81.8459
81.8677
81.8895
81.9113
81.9331
81.9549
81.9767
81.9986
82.0204
82.0422
82.064
82.0858
82.1076
82.1294
82.1512
82.173
82.1948
82.2166
82.2384
82.2602
82.282
82.3038
82.3256
82.3474
82.3692
82.391
82.4128
82.4346
82.4564
82.4782
82.5
82.5218
82.5436
82.5654
82.5872
82.609
82.6308
82.6526
82.6744
82.6962
82.718
82.7398
82.7616
82.7834
82.8052
82.827
82.8488
82.8706
82.8924
82.9142
82.9361
82.9579
82.9797
83.0015
83.0233
83.0451
83.0669
83.0887
83.1105
83.1323
83.1541
83.1759
83.1977
83.2195
83.2413
83.2631
83.2849
83.3067
83.3285
83.3503
83.3721
83.3939
83.4157
83.4375
83.4593
83.4811
83.5029
83.5247
83.5465
83.5683
83.5901
83.6119
83.6337
83.6555
83.6773
83.6991
83.7209
83.7427
83.7645
83.7863
83.8081
83.8299
83.8517
83.8736
83.8954
83.9172
83.939
83.9608
83.9826
84.0044
84.0262
84.048
84.0698
84.0916
84.1134
84.1352
84.157
84.1788
84.2006
84.2224
84.2442
84.266
84.2878
84.3096
84.3314
84.3532
84.375
84.3968
84.4186
84.4404
84.4622
84.484
84.5058
84.5276
84.5494
84.5712
84.593
84.6148
84.6366
84.6584
84.6802
84.702
84.7238
84.7456
84.7674
84.7892
84.8111
84.8329
84.8547
84.8765
84.8983
84.9201
84.9419
84.9637
84.9855
85.0073
85.0291
85.0509
85.0727
85.0945
85.1163
85.1381
85.1599
85.1817
85.2035
85.2253
85.2471
85.2689
85.2907
85.3125
85.3343
85.3561
85.3779
85.3997
85.4215
85.4433
85.4651
85.4869
85.5087
85.5305
85.5523
85.5741
85.5959
85.6177
85.6395
85.6613
85.6831
85.7049
85.7267
85.7486
85.7704
85.7922
85.814
85.8358
85.8576
85.8794
85.9012
85.923
85.9448
85.9666
85.9884
86.0102
86.032
86.0538
86.0756
86.0974
86.1192
86.141
86.1628
86.1846
86.2064
86.2282
86.25
86.2718
86.2936
86.3154
86.3372
86.359
86.3808
86.4026
86.4244
86.4462
86.468
86.4898
86.5116
86.5334
86.5552
86.577
86.5988
86.6206
86.6424
86.6642
86.6861
86.7079
86.7297
86.7515
86.7733
86.7951
86.8169
86.8387
86.8605
86.8823
86.9041
86.9259
86.9477
86.9695
86.9913
87.0131
87.0349
87.0567
87.0785
87.1003
87.1221
87.1439
87.1657
87.1875
87.2093
87.2311
87.2529
87.2747
87.2965
87.3183
87.3401
87.3619
87.3837
87.4055
87.4273
87.4491
87.4709
87.4927
87.5145
87.5363
87.5581
87.5799
87.6017
87.6236
87.6454
87.6672
87.689
87.7108
87.7326
87.7544
87.7762
87.798
87.8198
87.8416
87.8634
87.8852
87.907
87.9288
87.9506
87.9724
87.9942
88.016
88.0378
88.0596
88.0814
88.1032
88.125
88.1468
88.1686
88.1904
88.2122
88.234
88.2558
88.2776
88.2994
88.3212
88.343
88.3648
88.3866
88.4084
88.4302
88.452
88.4738
88.4956
88.5174
88.5392
88.5611
88.5829
88.6047
88.6265
88.6483
88.6701
88.6919
88.7137
88.7355
88.7573
88.7791
88.8009
88.8227
88.8445
88.8663
88.8881
88.9099
88.9317
88.9535
88.9753
88.9971
89.0189
89.0407
89.0625
89.0843
89.1061
89.1279
89.1497
89.1715
89.1933
89.2151
89.2369
89.2587
89.2805
89.3023
89.3241
89.3459
89.3677
89.3895
89.4113
89.4331
89.4549
89.4767
89.4986
89.5204
89.5422
89.564
89.5858
89.6076
89.6294
89.6512
89.673
89.6948
89.7166
89.7384
89.7602
89.782
89.8038
89.8256
89.8474
89.8692
89.891
89.9128
89.9346
89.9564
89.9782
90
90.0218
90.0436
90.0654
90.0872
90.109
90.1308
90.1526
90.1744
90.1962
90.218
90.2398
90.2616
90.2834
90.3052
90.327
90.3488
90.3706
90.3924
90.4142
90.4361
90.4579
90.4797
90.5015
90.5233
90.5451
90.5669
90.5887
90.6105
90.6323
90.6541
90.6759
90.6977
90.7195
90.7413
90.7631
90.7849
90.8067
90.8285
90.8503
90.8721
90.8939
90.9157
90.9375
90.9593
90.9811
91.0029
91.0247
91.0465
91.0683
91.0901
91.1119
91.1337
91.1555
91.1773
91.1991
91.2209
91.2427
91.2645
91.2863
91.3081
91.3299
91.3517
91.3736
91.3954
91.4172
91.439
91.4608
91.4826
91.5044
91.5262
91.548
91.5698
91.5916
91.6134
91.6352
91.657
91.6788
91.7006
91.7224
91.7442
91.766
91.7878
91.8096
91.8314
91.8532
91.875
91.8968
91.9186
91.9404
91.9622
91.984
92.0058
92.0276
92.0494
92.0712
92.093
92.1148
92.1366
92.1584
92.1802
92.202
92.2238
92.2456
92.2674
92.2892
92.3111
92.3329
92.3547
92.3765
92.3983
92.4201
92.4419
92.4637
92.4855
92.5073
92.5291
92.5509
92.5727
92.5945
92.6163
92.6381
92.6599
92.6817
92.7035
92.7253
92.7471
92.7689
92.7907
92.8125
92.8343
92.8561
92.8779
92.8997
92.9215
92.9433
92.9651
92.9869
93.0087
93.0305
93.0523
93.0741
93.0959
93.1177
93.1395
93.1613
93.1831
93.2049
93.2267
93.2486
93.2704
93.2922
93.314
93.3358
93.3576
93.3794
93.4012
93.423
93.4448
93.4666
93.4884
93.5102
93.532
93.5538
93.5756
93.5974
93.6192
93.641
93.6628
93.6846
93.7064
93.7282
93.75
93.7718
93.7936
93.8154
93.8372
93.859
93.8808
93.9026
93.9244
93.9462
93.968
93.9898
94.0116
94.0334
94.0552
94.077
94.0988
94.1206
94.1424
94.1642
94.1861
94.2079
94.2297
94.2515
94.2733
94.2951
94.3169
94.3387
94.3605
94.3823
94.4041
94.4259
94.4477
94.4695
94.4913
94.5131
94.5349
94.5567
94.5785
94.6003
94.6221
94.6439
94.6657
94.6875
94.7093
94.7311
94.7529
94.7747
94.7965
94.8183
94.8401
94.8619
94.8837
94.9055
94.9273
94.9491
94.9709
94.9927
95.0145
95.0363
95.0581
95.0799
95.1017
95.1236
95.1454
95.1672
95.189
95.2108
95.2326
95.2544
95.2762
95.298
95.3198
95.3416
95.3634
95.3852
95.407
95.4288
95.4506
95.4724
95.4942
95.516
95.5378
95.5596
95.5814
95.6032
95.625
95.6468
95.6686
95.6904
95.7122
95.734
95.7558
95.7776
95.7994
95.8212
95.843
95.8648
95.8866
95.9084
95.9302
95.952
95.9738
95.9956
96.0174
96.0392
96.0611
96.0829
96.1047
96.1265
96.1483
96.1701
96.1919
96.2137
96.2355
96.2573
96.2791
96.3009
96.3227
96.3445
96.3663
96.3881
96.4099
96.4317
96.4535
96.4753
96.4971
96.5189
96.5407
96.5625
96.5843
96.6061
96.6279
96.6497
96.6715
96.6933
96.7151
96.7369
96.7587
96.7805
96.8023
96.8241
96.8459
96.8677
96.8895
96.9113
96.9331
96.9549
96.9767
96.9986
97.0204
97.0422
97.064
97.0858
97.1076
97.1294
97.1512
97.173
97.1948
97.2166
97.2384
97.2602
97.282
97.3038
97.3256
97.3474
97.3692
97.391
97.4128
97.4346
97.4564
97.4782
97.5
97.5218
97.5436
97.5654
97.5872
97.609
97.6308
97.6526
97.6744
97.6962
97.718
97.7398
97.7616
97.7834
97.8052
97.827
97.8488
97.8706
97.8924
97.9142
97.9361
97.9579
97.9797
98.0015
98.0233
98.0451
98.0669
98.0887
98.1105
98.1323
98.1541
98.1759
98.1977
98.2195
98.2413
98.2631
98.2849
98.3067
98.3285
98.3503
98.3721
98.3939
98.4157
98.4375
98.4593
98.4811
98.5029
98.5247
98.5465
98.5683
98.5901
98.6119
98.6337
98.6555
98.6773
98.6991
98.7209
98.7427
98.7645
98.7863
98.8081
98.8299
98.8517
98.8736
98.8954
98.9172
98.939
98.9608
98.9826
99.0044
99.0262
99.048
99.0698
99.0916
99.1134
99.1352
99.157
99.1788
99.2006
99.2224
99.2442
99.266
99.2878
99.3096
99.3314
99.3532
99.375
99.3968
99.4186
99.4404
99.4622
99.484
99.5058
99.5276
99.5494
99.5712
99.593
99.6148
99.6366
99.6584
99.6802
99.702
99.7238
99.7456
99.7674
99.7892
99.8111
99.8329
99.8547
99.8765
99.8983
99.9201
99.9419
99.9637
99.9855
sorting
printing
Finished 13 in 618 s
