47968 residues to process
0
0.533689
1.06738
1.60107
2.13476
2.66845
3.20213
3.73582
4.26951
4.8032
5.33689
5.87058
6.40427
6.93796
7.47165
8.00534
8.53903
9.07271
9.6064
10.1401
10.6738
11.2075
11.7412
12.2748
12.8085
13.3422
13.8759
14.4096
14.9433
15.477
16.0107
16.5444
17.0781
17.6117
18.1454
18.6791
19.2128
19.7465
20.2802
20.8139
21.3476
21.8813
22.4149
22.9486
23.4823
24.016
24.5497
25.0834
25.6171
26.1508
26.6845
27.2181
27.7518
28.2855
28.8192
29.3529
29.8866
30.4203
30.954
31.4877
32.0213
32.555
33.0887
33.6224
34.1561
34.6898
35.2235
35.7572
36.2909
36.8246
37.3582
37.8919
38.4256
38.9593
39.493
40.0267
40.5604
41.0941
41.6278
42.1614
42.6951
43.2288
43.7625
44.2962
44.8299
45.3636
45.8973
46.431
46.9646
47.4983
48.032
48.5657
49.0994
49.6331
50.1668
50.7005
51.2342
51.7678
52.3015
52.8352
53.3689
53.9026
54.4363
54.97
55.5037
56.0374
56.571
57.1047
57.6384
58.1721
58.7058
59.2395
59.7732
60.3069
60.8406
61.3742
61.9079
62.4416
62.9753
63.509
64.0427
64.5764
65.1101
65.6438
66.1775
66.7111
67.2448
67.7785
68.3122
68.8459
69.3796
69.9133
70.447
70.9807
71.5143
72.048
72.5817
73.1154
73.6491
74.1828
74.7165
75.2502
75.7839
76.3175
76.8512
77.3849
77.9186
78.4523
78.986
79.5197
80.0534
80.5871
81.1208
81.6544
82.1881
82.7218
83.2555
83.7892
84.3229
84.8566
85.3903
85.924
86.4576
86.9913
87.525
88.0587
88.5924
89.1261
89.6598
90.1935
90.7271
91.2608
91.7945
92.3282
92.8619
93.3956
93.9293
94.463
94.9967
95.5304
96.064
96.5977
97.1314
97.6651
98.1988
98.7325
99.2662
99.7999
sorting
printing
Finished 8 in 0 s
