12652 residues to process
0
1.0117
2.0234
3.03509
4.04679
5.05849
6.07019
7.08188
8.09358
9.10528
10.117
11.1287
12.1404
13.1521
14.1638
15.1755
16.1872
17.1989
18.2106
19.2223
20.234
21.2457
22.2574
23.269
24.2807
25.2924
26.3041
27.3158
28.3275
29.3392
30.3509
31.3626
32.3743
33.386
34.3977
35.4094
36.4211
37.4328
38.4445
39.4562
40.4679
41.4796
42.4913
43.503
44.5147
45.5264
46.5381
47.5498
48.5615
49.5732
50.5849
51.5966
52.6083
53.62
54.6317
55.6434
56.6551
57.6668
58.6785
59.6902
60.7019
61.7136
62.7253
63.737
64.7487
65.7604
66.772
67.7838
68.7954
69.8071
70.8188
71.8305
72.8422
73.8539
74.8656
75.8773
76.889
77.9007
78.9124
79.9241
80.9358
81.9475
82.9592
83.9709
84.9826
85.9943
87.006
88.0177
89.0294
90.0411
91.0528
92.0645
93.0762
94.0879
95.0996
96.1113
97.123
98.1347
99.1464
sorting
printing
1
