2614048 residues to process
0
0.0783459
0.156692
0.235038
0.313384
0.39173
0.470076
0.548421
0.626767
0.705113
0.783459
0.861805
0.940151
1.0185
1.09684
1.17519
1.25353
1.33188
1.41023
1.48857
1.56692
1.64526
1.72361
1.80196
1.8803
1.95865
2.03699
2.11534
2.19369
2.27203
2.35038
2.42872
2.50707
2.58542
2.66376
2.74211
2.82045
2.8988
2.97714
3.05549
3.13384
3.21218
3.29053
3.36887
3.44722
3.52557
3.60391
3.68226
3.7606
3.83895
3.9173
3.99564
4.07399
4.15233
4.23068
4.30903
4.38737
4.46572
4.54406
4.62241
4.70076
4.7791
4.85745
4.93579
5.01414
5.09248
5.17083
5.24918
5.32752
5.40587
5.48421
5.56256
5.64091
5.71925
5.7976
5.87594
5.95429
6.03264
6.11098
6.18933
6.26767
6.34602
6.42437
6.50271
6.58106
6.6594
6.73775
6.8161
6.89444
6.97279
7.05113
7.12948
7.20782
7.28617
7.36452
7.44286
7.52121
7.59955
7.6779
7.75625
7.83459
7.91294
7.99128
8.06963
8.14798
8.22632
8.30467
8.38301
8.46136
8.53971
8.61805
8.6964
8.77474
8.85309
8.93143
9.00978
9.08813
9.16647
9.24482
9.32316
9.40151
9.47986
9.5582
9.63655
9.71489
9.79324
9.87159
9.94993
10.0283
10.1066
10.185
10.2633
10.3417
10.42
10.4984
10.5767
10.655
10.7334
10.8117
10.8901
10.9684
11.0468
11.1251
11.2035
11.2818
11.3602
11.4385
11.5169
11.5952
11.6735
11.7519
11.8302
11.9086
11.9869
12.0653
12.1436
12.222
12.3003
12.3787
12.457
12.5353
12.6137
12.692
12.7704
12.8487
12.9271
13.0054
13.0838
13.1621
13.2405
13.3188
13.3972
13.4755
13.5538
13.6322
13.7105
13.7889
13.8672
13.9456
14.0239
14.1023
14.1806
14.259
14.3373
14.4156
14.494
14.5723
14.6507
14.729
14.8074
14.8857
14.9641
15.0424
15.1208
15.1991
15.2775
15.3558
15.4341
15.5125
15.5908
15.6692
15.7475
15.8259
15.9042
15.9826
16.0609
16.1393
16.2176
16.296
16.3743
16.4526
16.531
16.6093
16.6877
16.766
16.8444
16.9227
17.0011
17.0794
17.1578
17.2361
17.3144
17.3928
17.4711
17.5495
17.6278
17.7062
17.7845
17.8629
17.9412
18.0196
18.0979
18.1763
18.2546
18.3329
18.4113
18.4896
18.568
18.6463
18.7247
18.803
18.8814
18.9597
19.0381
19.1164
19.1948
19.2731
19.3514
19.4298
19.5081
19.5865
19.6648
19.7432
19.8215
19.8999
19.9782
20.0566
20.1349
20.2132
20.2916
20.3699
20.4483
20.5266
20.605
20.6833
20.7617
20.84
20.9184
20.9967
21.0751
21.1534
21.2317
21.3101
21.3884
21.4668
21.5451
21.6235
21.7018
21.7802
21.8585
21.9369
22.0152
22.0935
22.1719
22.2502
22.3286
22.4069
22.4853
22.5636
22.642
22.7203
22.7987
22.877
22.9554
23.0337
23.112
23.1904
23.2687
23.3471
23.4254
23.5038
23.5821
23.6605
23.7388
23.8172
23.8955
23.9739
24.0522
24.1305
24.2089
24.2872
24.3656
24.4439
24.5223
24.6006
24.679
24.7573
24.8357
24.914
24.9923
25.0707
25.149
25.2274
25.3057
25.3841
25.4624
25.5408
25.6191
25.6975
25.7758
25.8542
25.9325
26.0108
26.0892
26.1675
26.2459
26.3242
26.4026
26.4809
26.5593
26.6376
26.716
26.7943
26.8727
26.951
27.0293
27.1077
27.186
27.2644
27.3427
27.4211
27.4994
27.5778
27.6561
27.7345
27.8128
27.8911
27.9695
28.0478
28.1262
28.2045
28.2829
28.3612
28.4396
28.5179
28.5963
28.6746
28.753
28.8313
28.9096
28.988
29.0663
29.1447
29.223
29.3014
29.3797
29.4581
29.5364
29.6148
29.6931
29.7715
29.8498
29.9281
30.0065
30.0848
30.1632
30.2415
30.3199
30.3982
30.4766
30.5549
30.6333
30.7116
30.7899
30.8683
30.9466
31.025
31.1033
31.1817
31.26
31.3384
31.4167
31.4951
31.5734
31.6518
31.7301
31.8084
31.8868
31.9651
32.0435
32.1218
32.2002
32.2785
32.3569
32.4352
32.5136
32.5919
32.6702
32.7486
32.8269
32.9053
32.9836
33.062
33.1403
33.2187
33.297
33.3754
33.4537
33.5321
33.6104
33.6887
33.7671
33.8454
33.9238
34.0021
34.0805
34.1588
34.2372
34.3155
34.3939
34.4722
34.5506
34.6289
34.7072
34.7856
34.8639
34.9423
35.0206
35.099
35.1773
35.2557
35.334
35.4124
35.4907
35.569
35.6474
35.7257
35.8041
35.8824
35.9608
36.0391
36.1175
36.1958
36.2742
36.3525
36.4309
36.5092
36.5875
36.6659
36.7442
36.8226
36.9009
36.9793
37.0576
37.136
37.2143
37.2927
37.371
37.4494
37.5277
37.606
37.6844
37.7627
37.8411
37.9194
37.9978
38.0761
38.1545
38.2328
38.3112
38.3895
38.4678
38.5462
38.6245
38.7029
38.7812
38.8596
38.9379
39.0163
39.0946
39.173
39.2513
39.3297
39.408
39.4863
39.5647
39.643
39.7214
39.7997
39.8781
39.9564
40.0348
40.1131
40.1915
40.2698
40.3481
40.4265
40.5048
40.5832
40.6615
40.7399
40.8182
40.8966
40.9749
41.0533
41.1316
41.21
41.2883
41.3666
41.445
41.5233
41.6017
41.68
41.7584
41.8367
41.9151
41.9934
42.0718
42.1501
42.2285
42.3068
42.3851
42.4635
42.5418
42.6202
42.6985
42.7769
42.8552
42.9336
43.0119
43.0903
43.1686
43.2469
43.3253
43.4036
43.482
43.5603
43.6387
43.717
43.7954
43.8737
43.9521
44.0304
44.1088
44.1871
44.2654
44.3438
44.4221
44.5005
44.5788
44.6572
44.7355
44.8139
44.8922
44.9706
45.0489
45.1273
45.2056
45.2839
45.3623
45.4406
45.519
45.5973
45.6757
45.754
45.8324
45.9107
45.9891
46.0674
46.1457
46.2241
46.3024
46.3808
46.4591
46.5375
46.6158
46.6942
46.7725
46.8509
46.9292
47.0076
47.0859
47.1642
47.2426
47.3209
47.3993
47.4776
47.556
47.6343
47.7127
47.791
47.8694
47.9477
48.0261
48.1044
48.1827
48.2611
48.3394
48.4178
48.4961
48.5745
48.6528
48.7312
48.8095
48.8879
48.9662
49.0445
49.1229
49.2012
49.2796
49.3579
49.4363
49.5146
49.593
49.6713
49.7497
49.828
49.9064
49.9847
50.063
50.1414
50.2197
50.2981
50.3764
50.4548
50.5331
50.6115
50.6898
50.7682
50.8465
50.9249
51.0032
51.0815
51.1599
51.2382
51.3166
51.3949
51.4733
51.5516
51.63
51.7083
51.7867
51.865
51.9433
52.0217
52.1
52.1784
52.2567
52.3351
52.4134
52.4918
52.5701
52.6485
52.7268
52.8052
52.8835
52.9618
53.0402
53.1185
53.1969
53.2752
53.3536
53.4319
53.5103
53.5886
53.667
53.7453
53.8236
53.902
53.9803
54.0587
54.137
54.2154
54.2937
54.3721
54.4504
54.5288
54.6071
54.6855
54.7638
54.8421
54.9205
54.9988
55.0772
55.1555
55.2339
55.3122
55.3906
55.4689
55.5473
55.6256
55.7039
55.7823
55.8606
55.939
56.0173
56.0957
56.174
56.2524
56.3307
56.4091
56.4874
56.5658
56.6441
56.7224
56.8008
56.8791
56.9575
57.0358
57.1142
57.1925
57.2709
57.3492
57.4276
57.5059
57.5843
57.6626
57.7409
57.8193
57.8976
57.976
58.0543
58.1327
58.211
58.2894
58.3677
58.4461
58.5244
58.6027
58.6811
58.7594
58.8378
58.9161
58.9945
59.0728
59.1512
59.2295
59.3079
59.3862
59.4646
59.5429
59.6212
59.6996
59.7779
59.8563
59.9346
60.013
60.0913
60.1697
60.248
60.3264
60.4047
60.4831
60.5614
60.6397
60.7181
60.7964
60.8748
60.9531
61.0315
61.1098
61.1882
61.2665
61.3449
61.4232
61.5015
61.5799
61.6582
61.7366
61.8149
61.8933
61.9716
62.05
62.1283
62.2067
62.285
62.3634
62.4417
62.52
62.5984
62.6767
62.7551
62.8334
62.9118
62.9901
63.0685
63.1468
63.2252
63.3035
63.3819
63.4602
63.5385
63.6169
63.6952
63.7736
63.8519
63.9303
64.0086
64.087
64.1653
64.2437
64.322
64.4003
64.4787
64.557
64.6354
64.7137
64.7921
64.8704
64.9488
65.0271
65.1055
65.1838
65.2622
65.3405
65.4188
65.4972
65.5755
65.6539
65.7322
65.8106
65.8889
65.9673
66.0456
66.124
66.2023
66.2806
66.359
66.4373
66.5157
66.594
66.6724
66.7507
66.8291
66.9074
66.9858
67.0641
67.1425
67.2208
67.2991
67.3775
67.4558
67.5342
67.6125
67.6909
67.7692
67.8476
67.9259
68.0043
68.0826
68.1609
68.2393
68.3176
68.396
68.4743
68.5527
68.631
68.7094
68.7877
68.8661
68.9444
69.0228
69.1011
69.1795
69.2578
69.3361
69.4145
69.4928
69.5712
69.6495
69.7279
69.8062
69.8846
69.9629
70.0413
70.1196
70.1979
70.2763
70.3546
70.433
70.5113
70.5897
70.668
70.7464
70.8247
70.9031
70.9814
71.0598
71.1381
71.2164
71.2948
71.3731
71.4515
71.5298
71.6082
71.6865
71.7649
71.8432
71.9216
71.9999
72.0782
72.1566
72.2349
72.3133
72.3916
72.47
72.5483
72.6267
72.705
72.7834
72.8617
72.9401
73.0184
73.0967
73.1751
73.2534
73.3318
73.4101
73.4885
73.5668
73.6452
73.7235
73.8019
73.8802
73.9585
74.0369
74.1152
74.1936
74.2719
74.3503
74.4286
74.507
74.5853
74.6637
74.742
74.8204
74.8987
74.9771
75.0554
75.1337
75.2121
75.2904
75.3688
75.4471
75.5255
75.6038
75.6822
75.7605
75.8389
75.9172
75.9955
76.0739
76.1522
76.2306
76.3089
76.3873
76.4656
76.544
76.6223
76.7007
76.779
76.8573
76.9357
77.014
77.0924
77.1707
77.2491
77.3274
77.4058
77.4841
77.5625
77.6408
77.7192
77.7975
77.8758
77.9542
78.0325
78.1109
78.1892
78.2676
78.3459
78.4243
78.5026
78.581
78.6593
78.7376
78.816
78.8943
78.9727
79.051
79.1294
79.2077
79.2861
79.3644
79.4428
79.5211
79.5995
79.6778
79.7561
79.8345
79.9128
79.9912
80.0695
80.1479
80.2262
80.3046
80.3829
80.4613
80.5396
80.618
80.6963
80.7746
80.853
80.9313
81.0097
81.088
81.1664
81.2447
81.3231
81.4014
81.4798
81.5581
81.6365
81.7148
81.7931
81.8715
81.9498
82.0282
82.1065
82.1849
82.2632
82.3416
82.4199
82.4983
82.5766
82.6549
82.7333
82.8116
82.89
82.9683
83.0467
83.125
83.2034
83.2817
83.3601
83.4384
83.5168
83.5951
83.6734
83.7518
83.8301
83.9085
83.9868
84.0652
84.1435
84.2219
84.3002
84.3786
84.4569
84.5352
84.6136
84.6919
84.7703
84.8486
84.927
85.0053
85.0837
85.162
85.2404
85.3187
85.3971
85.4754
85.5537
85.6321
85.7104
85.7888
85.8671
85.9455
86.0238
86.1022
86.1805
86.2589
86.3372
86.4156
86.4939
86.5722
86.6506
86.7289
86.8073
86.8856
86.964
87.0423
87.1207
87.199
87.2774
87.3557
87.4341
87.5124
87.5907
87.6691
87.7474
87.8258
87.9041
87.9825
88.0608
88.1392
88.2175
88.2959
88.3742
88.4525
88.5309
88.6092
88.6876
88.7659
88.8443
88.9226
89.001
89.0793
89.1577
89.236
89.3144
89.3927
89.471
89.5494
89.6277
89.7061
89.7844
89.8628
89.9411
90.0195
90.0978
90.1762
90.2545
90.3328
90.4112
90.4895
90.5679
90.6462
90.7246
90.8029
90.8813
90.9596
91.038
91.1163
91.1947
91.273
91.3513
91.4297
91.508
91.5864
91.6647
91.7431
91.8214
91.8998
91.9781
92.0565
92.1348
92.2132
92.2915
92.3698
92.4482
92.5265
92.6049
92.6832
92.7616
92.8399
92.9183
92.9966
93.075
93.1533
93.2316
93.31
93.3883
93.4667
93.545
93.6234
93.7017
93.7801
93.8584
93.9368
94.0151
94.0935
94.1718
94.2501
94.3285
94.4068
94.4852
94.5635
94.6419
94.7202
94.7986
94.8769
94.9553
95.0336
95.1119
95.1903
95.2686
95.347
95.4253
95.5037
95.582
95.6604
95.7387
95.8171
95.8954
95.9738
96.0521
96.1304
96.2088
96.2871
96.3655
96.4438
96.5222
96.6005
96.6789
96.7572
96.8356
96.9139
96.9922
97.0706
97.1489
97.2273
97.3056
97.384
97.4623
97.5407
97.619
97.6974
97.7757
97.8541
97.9324
98.0107
98.0891
98.1674
98.2458
98.3241
98.4025
98.4808
98.5592
98.6375
98.7159
98.7942
98.8726
98.9509
99.0292
99.1076
99.1859
99.2643
99.3426
99.421
99.4993
99.5777
99.656
99.7344
99.8127
99.8911
99.9694
sorting
printing
93
