181861 residues to process
0
0.281534
0.563067
0.844601
1.12613
1.40767
1.6892
1.97074
2.25227
2.5338
2.81534
3.09687
3.3784
3.65994
3.94147
4.22301
4.50454
4.78607
5.06761
5.34914
5.63067
5.91221
6.19374
6.47528
6.75681
7.03834
7.31988
7.60141
7.88294
8.16448
8.44601
8.72754
9.00908
9.29061
9.57215
9.85368
10.1352
10.4167
10.6983
10.9798
11.2613
11.5429
11.8244
12.1059
12.3875
12.669
12.9506
13.2321
13.5136
13.7952
14.0767
14.3582
14.6398
14.9213
15.2028
15.4844
15.7659
16.0474
16.329
16.6105
16.892
17.1736
17.4551
17.7366
18.0182
18.2997
18.5812
18.8628
19.1443
19.4258
19.7074
19.9889
20.2704
20.552
20.8335
21.115
21.3966
21.6781
21.9596
22.2412
22.5227
22.8042
23.0858
23.3673
23.6488
23.9304
24.2119
24.4934
24.775
25.0565
25.338
25.6196
25.9011
26.1826
26.4642
26.7457
27.0272
27.3088
27.5903
27.8718
28.1534
28.4349
28.7164
28.998
29.2795
29.561
29.8426
30.1241
30.4056
30.6872
30.9687
31.2502
31.5318
31.8133
32.0948
32.3764
32.6579
32.9394
33.221
33.5025
33.784
34.0656
34.3471
34.6286
34.9102
35.1917
35.4732
35.7548
36.0363
36.3178
36.5994
36.8809
37.1624
37.444
37.7255
38.007
38.2886
38.5701
38.8517
39.1332
39.4147
39.6963
39.9778
40.2593
40.5409
40.8224
41.1039
41.3855
41.667
41.9485
42.2301
42.5116
42.7931
43.0747
43.3562
43.6377
43.9193
44.2008
44.4823
44.7639
45.0454
45.3269
45.6085
45.89
46.1715
46.4531
46.7346
47.0161
47.2977
47.5792
47.8607
48.1423
48.4238
48.7053
48.9869
49.2684
49.5499
49.8315
50.113
50.3945
50.6761
50.9576
51.2391
51.5207
51.8022
52.0837
52.3653
52.6468
52.9283
53.2099
53.4914
53.7729
54.0545
54.336
54.6175
54.8991
55.1806
55.4621
55.7437
56.0252
56.3067
56.5883
56.8698
57.1513
57.4329
57.7144
57.9959
58.2775
58.559
58.8405
59.1221
59.4036
59.6851
59.9667
60.2482
60.5297
60.8113
61.0928
61.3743
61.6559
61.9374
62.2189
62.5005
62.782
63.0635
63.3451
63.6266
63.9081
64.1897
64.4712
64.7528
65.0343
65.3158
65.5974
65.8789
66.1604
66.442
66.7235
67.005
67.2866
67.5681
67.8496
68.1312
68.4127
68.6942
68.9758
69.2573
69.5388
69.8204
70.1019
70.3834
70.665
70.9465
71.228
71.5096
71.7911
72.0726
72.3542
72.6357
72.9172
73.1988
73.4803
73.7618
74.0434
74.3249
74.6064
74.888
75.1695
75.451
75.7326
76.0141
76.2956
76.5772
76.8587
77.1402
77.4218
77.7033
77.9848
78.2664
78.5479
78.8294
79.111
79.3925
79.674
79.9556
80.2371
80.5186
80.8002
81.0817
81.3632
81.6448
81.9263
82.2078
82.4894
82.7709
83.0524
83.334
83.6155
83.897
84.1786
84.4601
84.7416
85.0232
85.3047
85.5862
85.8678
86.1493
86.4308
86.7124
86.9939
87.2754
87.557
87.8385
88.12
88.4016
88.6831
88.9646
89.2462
89.5277
89.8092
90.0908
90.3723
90.6539
90.9354
91.2169
91.4985
91.78
92.0615
92.3431
92.6246
92.9061
93.1877
93.4692
93.7507
94.0323
94.3138
94.5953
94.8769
95.1584
95.4399
95.7215
96.003
96.2845
96.5661
96.8476
97.1291
97.4107
97.6922
97.9737
98.2553
98.5368
98.8183
99.0999
99.3814
99.6629
99.9445
sorting
printing
2
