689488 residues to process
0
0.148516
0.297032
0.445548
0.594064
0.74258
0.891096
1.03961
1.18813
1.33664
1.48516
1.63368
1.78219
1.93071
2.07922
2.22774
2.37626
2.52477
2.67329
2.8218
2.97032
3.11884
3.26735
3.41587
3.56438
3.7129
3.86142
4.00993
4.15845
4.30696
4.45548
4.604
4.75251
4.90103
5.04954
5.19806
5.34658
5.49509
5.64361
5.79212
5.94064
6.08916
6.23767
6.38619
6.5347
6.68322
6.83174
6.98025
7.12877
7.27728
7.4258
7.57432
7.72283
7.87135
8.01986
8.16838
8.3169
8.46541
8.61393
8.76244
8.91096
9.05948
9.20799
9.35651
9.50502
9.65354
9.80206
9.95057
10.0991
10.2476
10.3961
10.5446
10.6932
10.8417
10.9902
11.1387
11.2872
11.4357
11.5842
11.7328
11.8813
12.0298
12.1783
12.3268
12.4753
12.6239
12.7724
12.9209
13.0694
13.2179
13.3664
13.515
13.6635
13.812
13.9605
14.109
14.2575
14.4061
14.5546
14.7031
14.8516
15.0001
15.1486
15.2971
15.4457
15.5942
15.7427
15.8912
16.0397
16.1882
16.3368
16.4853
16.6338
16.7823
16.9308
17.0793
17.2279
17.3764
17.5249
17.6734
17.8219
17.9704
18.119
18.2675
18.416
18.5645
18.713
18.8615
19.01
19.1586
19.3071
19.4556
19.6041
19.7526
19.9011
20.0497
20.1982
20.3467
20.4952
20.6437
20.7922
20.9408
21.0893
21.2378
21.3863
21.5348
21.6833
21.8319
21.9804
22.1289
22.2774
22.4259
22.5744
22.7229
22.8715
23.02
23.1685
23.317
23.4655
23.614
23.7626
23.9111
24.0596
24.2081
24.3566
24.5051
24.6537
24.8022
24.9507
25.0992
25.2477
25.3962
25.5448
25.6933
25.8418
25.9903
26.1388
26.2873
26.4358
26.5844
26.7329
26.8814
27.0299
27.1784
27.3269
27.4755
27.624
27.7725
27.921
28.0695
28.218
28.3666
28.5151
28.6636
28.8121
28.9606
29.1091
29.2577
29.4062
29.5547
29.7032
29.8517
30.0002
30.1487
30.2973
30.4458
30.5943
30.7428
30.8913
31.0398
31.1884
31.3369
31.4854
31.6339
31.7824
31.9309
32.0795
32.228
32.3765
32.525
32.6735
32.822
32.9706
33.1191
33.2676
33.4161
33.5646
33.7131
33.8616
34.0102
34.1587
34.3072
34.4557
34.6042
34.7527
34.9013
35.0498
35.1983
35.3468
35.4953
35.6438
35.7924
35.9409
36.0894
36.2379
36.3864
36.5349
36.6835
36.832
36.9805
37.129
37.2775
37.426
37.5745
37.7231
37.8716
38.0201
38.1686
38.3171
38.4656
38.6142
38.7627
38.9112
39.0597
39.2082
39.3567
39.5053
39.6538
39.8023
39.9508
40.0993
40.2478
40.3964
40.5449
40.6934
40.8419
40.9904
41.1389
41.2874
41.436
41.5845
41.733
41.8815
42.03
42.1785
42.3271
42.4756
42.6241
42.7726
42.9211
43.0696
43.2182
43.3667
43.5152
43.6637
43.8122
43.9607
44.1093
44.2578
44.4063
44.5548
44.7033
44.8518
45.0003
45.1489
45.2974
45.4459
45.5944
45.7429
45.8914
46.04
46.1885
46.337
46.4855
46.634
46.7825
46.9311
47.0796
47.2281
47.3766
47.5251
47.6736
47.8222
47.9707
48.1192
48.2677
48.4162
48.5647
48.7132
48.8618
49.0103
49.1588
49.3073
49.4558
49.6043
49.7529
49.9014
50.0499
50.1984
50.3469
50.4954
50.644
50.7925
50.941
51.0895
51.238
51.3865
51.5351
51.6836
51.8321
51.9806
52.1291
52.2776
52.4261
52.5747
52.7232
52.8717
53.0202
53.1687
53.3172
53.4658
53.6143
53.7628
53.9113
54.0598
54.2083
54.3569
54.5054
54.6539
54.8024
54.9509
55.0994
55.248
55.3965
55.545
55.6935
55.842
55.9905
56.139
56.2876
56.4361
56.5846
56.7331
56.8816
57.0301
57.1787
57.3272
57.4757
57.6242
57.7727
57.9212
58.0698
58.2183
58.3668
58.5153
58.6638
58.8123
58.9609
59.1094
59.2579
59.4064
59.5549
59.7034
59.8519
60.0005
60.149
60.2975
60.446
60.5945
60.743
60.8916
61.0401
61.1886
61.3371
61.4856
61.6341
61.7827
61.9312
62.0797
62.2282
62.3767
62.5252
62.6738
62.8223
62.9708
63.1193
63.2678
63.4163
63.5648
63.7134
63.8619
64.0104
64.1589
64.3074
64.4559
64.6045
64.753
64.9015
65.05
65.1985
65.347
65.4956
65.6441
65.7926
65.9411
66.0896
66.2381
66.3867
66.5352
66.6837
66.8322
66.9807
67.1292
67.2777
67.4263
67.5748
67.7233
67.8718
68.0203
68.1688
68.3174
68.4659
68.6144
68.7629
68.9114
69.0599
69.2085
69.357
69.5055
69.654
69.8025
69.951
70.0995
70.2481
70.3966
70.5451
70.6936
70.8421
70.9906
71.1392
71.2877
71.4362
71.5847
71.7332
71.8817
72.0303
72.1788
72.3273
72.4758
72.6243
72.7728
72.9214
73.0699
73.2184
73.3669
73.5154
73.6639
73.8125
73.961
74.1095
74.258
74.4065
74.555
74.7035
74.8521
75.0006
75.1491
75.2976
75.4461
75.5946
75.7432
75.8917
76.0402
76.1887
76.3372
76.4857
76.6343
76.7828
76.9313
77.0798
77.2283
77.3768
77.5254
77.6739
77.8224
77.9709
78.1194
78.2679
78.4165
78.565
78.7135
78.862
79.0105
79.159
79.3075
79.4561
79.6046
79.7531
79.9016
80.0501
80.1986
80.3472
80.4957
80.6442
80.7927
80.9412
81.0897
81.2383
81.3868
81.5353
81.6838
81.8323
81.9808
82.1293
82.2779
82.4264
82.5749
82.7234
82.8719
83.0204
83.169
83.3175
83.466
83.6145
83.763
83.9115
84.0601
84.2086
84.3571
84.5056
84.6541
84.8026
84.9511
85.0997
85.2482
85.3967
85.5452
85.6937
85.8422
85.9908
86.1393
86.2878
86.4363
86.5848
86.7333
86.8819
87.0304
87.1789
87.3274
87.4759
87.6244
87.773
87.9215
88.07
88.2185
88.367
88.5155
88.6641
88.8126
88.9611
89.1096
89.2581
89.4066
89.5551
89.7037
89.8522
90.0007
90.1492
90.2977
90.4462
90.5948
90.7433
90.8918
91.0403
91.1888
91.3373
91.4859
91.6344
91.7829
91.9314
92.0799
92.2284
92.377
92.5255
92.674
92.8225
92.971
93.1195
93.2681
93.4166
93.5651
93.7136
93.8621
94.0106
94.1591
94.3077
94.4562
94.6047
94.7532
94.9017
95.0502
95.1988
95.3473
95.4958
95.6443
95.7928
95.9413
96.0899
96.2384
96.3869
96.5354
96.6839
96.8324
96.9809
97.1295
97.278
97.4265
97.575
97.7235
97.872
98.0206
98.1691
98.3176
98.4661
98.6146
98.7631
98.9117
99.0602
99.2087
99.3572
99.5057
99.6542
99.8027
99.9513
sorting
printing
16
