R-Largest-67
333222311
333112322
323232113
233123312
223233311
223113323
133122323
123223313
123133322
333111201
323131011
313121013
313032111
233111103
133111302
133012311
123113301
113112303
113013312
112033311
111023313
333003300
003033303
323221002
322032012
302132022
233122200
233002212
223022301
223001322
222123300
222003312
203231022
133022202
122023302
033222201
023122302
023022213
022012323
003222312
002123322
312121000
302021011
223011100
213021001
211031002
201032011
123001201
122001103
113012200
113000212
112001302
111002203
102031012
101021023
022011301
013011202
013002211
012112300
011022301
002111302
002012311
001012213
222002200
002022202
111001100
001011101
